**********ZXCS_Header**********
#ZXCSExporter V1.0
#Tue Dec 25 05:05:17 2018
#Materials 2
#Helpers 54
#Meshes 2
#Vertices 4443
#Triangles 3592
#AnimationClips 1
#Subset 2

**********Scene_Info**********
FirstFrmae: 0
LastFrame: 319
FrameSpeed: 30
TickPerFrame: 160

**********Materials**********
#Name MAXMATERIAL
#MapNum 2
#SubMtlNum 0
		#MapSubNO 1	#TexFile max.bmp
		#MapSubNO 8	#TexFile MAXNORMAL.bmp

#Name backpack
#MapNum 2
#SubMtlNum 0
		#MapSubNO 1	#TexFile BackPack1_TXTR.bmp
		#MapSubNO 8	#TexFile BackPackNormal.bmp

**********Helpers**********
#Name Bip001 2
#ParentName NONE -1
#Class Dummy
#Node_TM
	#TM_ROW0 0.000002  0.000000  -1.000000  0.000000
	#TM_ROW1 0.000000  1.000000  0.000000  0.000000
	#TM_ROW2 1.000000  0.000000  0.000002  0.000000
	#TM_ROW3 -0.052574  40.752441  0.365374  1.000000
	#TM_POS -0.052574 40.752441  0.365374
	#TM_ROTQUAT -0.000000 0.707106 -0.000000 0.707108
	#TM_SCALEQUAT -0.000000 -0.000000 -0.000000 0.707108
	#TM_SCALE 1.000000 1.000000 1.000000
#BoundingBoxMin -0.552575 40.252441 -0.134627
#BoundingBoxMax 0.447427 41.252441 0.865375

#Name Bip001Pelvis 3
#ParentName Bip001 2
#Class Dummy
#Node_TM
	#TM_ROW0 0.000000  1.000000  0.000000  0.000000
	#TM_ROW1 1.000000  -0.000000  0.000004  0.000000
	#TM_ROW2 0.000004  0.000000  -1.000000  0.000000
	#TM_ROW3 -0.052574  40.752441  0.365374  1.000000
	#TM_POS 0.000000 0.000000  0.000000
	#TM_ROTQUAT 0.500000 0.500000 0.500000 0.500000
	#TM_SCALEQUAT -0.000000 -0.000000 -0.000000 0.500000
	#TM_SCALE 1.000000 1.000000 1.000000
#BoundingBoxMin -0.552576 40.252441 -0.134628
#BoundingBoxMax 0.447428 41.252441 0.865375

#Name Bip001Spine 4
#ParentName Bip001Pelvis 3
#Class Dummy
#Node_TM
	#TM_ROW0 0.000043  0.999966  0.008266  0.000000
	#TM_ROW1 0.998633  -0.000475  0.052267  0.000000
	#TM_ROW2 0.052270  0.008253  -0.998599  0.000000
	#TM_ROW3 -0.052764  44.894478  1.106579  1.000000
	#TM_POS 4.142036 -0.000187  -0.741205
	#TM_ROTQUAT -0.026142 0.004131 0.000130 0.999650
	#TM_SCALEQUAT -0.000005 -0.004947 -0.000198 0.999650
	#TM_SCALE 1.000000 1.000000 1.000000
#BoundingBoxMin -0.578236 44.390133 0.577013
#BoundingBoxMax 0.472709 45.398823 1.636145

#Name Bip001Spine1 5
#ParentName Bip001Spine 4
#Class Dummy
#Node_TM
	#TM_ROW0 -0.000389  0.999850  0.017318  0.000000
	#TM_ROW1 0.994536  -0.001421  0.104386  0.000000
	#TM_ROW2 0.104395  0.017264  -0.994386  0.000000
	#TM_ROW3 -0.052928  49.576591  1.148772  1.000000
	#TM_POS 4.682304 -0.000183  -0.003502
	#TM_ROTQUAT -0.026144 0.004529 0.000139 0.999648
	#TM_SCALEQUAT 0.000000 0.003327 -0.000203 0.999648
	#TM_SCALE 1.000000 1.000000 1.000000
#BoundingBoxMin -0.602588 49.067326 0.590727
#BoundingBoxMax 0.496731 50.085857 1.706817

#Name Bip001LThigh 6
#ParentName Bip001Spine 4
#Class Dummy
#Node_TM
	#TM_ROW0 0.173495  -0.944385  -0.279351  0.000000
	#TM_ROW1 -0.973001  -0.120529  -0.196830  0.000000
	#TM_ROW2 0.152213  0.305958  -0.939798  0.000000
	#TM_ROW3 4.425179  40.752438  0.365383  1.000000
	#TM_POS -4.147831 4.435050  0.940035
	#TM_ROTQUAT -0.146871 -0.062829 -0.984571 -0.071427
	#TM_SCALEQUAT 0.031084 -0.000000 -0.000000 -0.071427
	#TM_SCALE 1.000000 1.000000 1.000000
#BoundingBoxMin 3.775825 40.067001 -0.342607
#BoundingBoxMax 5.074533 41.437874 1.073372

#Name Bip001RThigh 7
#ParentName Bip001Spine 4
#Class Dummy
#Node_TM
	#TM_ROW0 -0.067940  -0.970041  0.233246  0.000000
	#TM_ROW1 -0.711361  0.211020  0.670400  0.000000
	#TM_ROW2 -0.699535  -0.120375  -0.704386  0.000000
	#TM_ROW3 -4.530328  40.752449  0.365363  1.000000
	#TM_POS -4.148205 -4.508219  0.471953
	#TM_ROTQUAT 0.101887 0.395851 -0.909584 0.074682
	#TM_SCALEQUAT -0.381987 -0.059142 0.008433 0.074682
	#TM_SCALE 1.000000 1.000000 1.000000
#BoundingBoxMin -5.269746 40.101730 -0.438653
#BoundingBoxMax -3.790910 41.403168 1.169379

#Name Bip001Spine2 8
#ParentName Bip001Spine1 5
#Class Dummy
#Node_TM
	#TM_ROW0 -0.001351  0.999652  0.026327  0.000000
	#TM_ROW1 0.987720  -0.002779  0.156210  0.000000
	#TM_ROW2 0.156229  0.026215  -0.987373  0.000000
	#TM_ROW3 -0.055190  53.980492  1.228515  1.000000
	#TM_POS 4.404621 -0.000183  -0.003502
	#TM_ROTQUAT -0.026144 0.004530 0.000111 0.999648
	#TM_SCALEQUAT -0.007804 -0.005623 -0.000000 0.999648
	#TM_SCALE 1.000000 1.000000 1.000000
#BoundingBoxMin -0.627840 53.466167 0.643560
#BoundingBoxMax 0.517459 54.494816 1.813470

#Name Bip001LCalf 9
#ParentName Bip001LThigh 6
#Class Dummy
#Node_TM
	#TM_ROW0 0.135034  -0.988901  -0.061967  0.000000
	#TM_ROW1 -0.973001  -0.120529  -0.196830  0.000000
	#TM_ROW2 0.187176  0.086873  -0.978477  0.000000
	#TM_ROW3 7.699287  22.930489  -4.906391  1.000000
	#TM_POS 18.871494 -0.000001  0.000000
	#TM_ROTQUAT -0.000000 0.112602 0.000000 0.993640
	#TM_SCALEQUAT 0.011122 0.061208 -0.000573 0.993640
	#TM_SCALE 1.000000 1.000000 1.000000
#BoundingBoxMin 7.051682 22.332336 -5.525028
#BoundingBoxMax 8.346893 23.528641 -4.287754

#Name Bip001RCalf 10
#ParentName Bip001RThigh 7
#Class Dummy
#Node_TM
	#TM_ROW0 -0.066708  -0.969828  0.234486  0.000000
	#TM_ROW1 -0.711361  0.211020  0.670400  0.000000
	#TM_ROW2 -0.699654  -0.122083  -0.703974  0.000000
	#TM_ROW3 -5.812459  22.446325  4.767064  1.000000
	#TM_POS 18.871492 0.000000  0.000000
	#TM_ROTQUAT -0.000000 0.000880 0.000000 1.000000
	#TM_SCALEQUAT -0.162631 0.000000 0.000082 1.000000
	#TM_SCALE 1.000000 1.000000 1.000000
#BoundingBoxMin -6.551320 21.794861 3.962634
#BoundingBoxMax -5.073598 23.097790 5.571494

#Name Bip001Spine3 11
#ParentName Bip001Spine2 8
#Class Dummy
#Node_TM
	#TM_ROW0 -0.002782  0.999374  0.035272  0.000000
	#TM_ROW1 0.978204  -0.004604  0.207593  0.000000
	#TM_ROW2 0.207625  0.035081  -0.977579  0.000000
	#TM_ROW3 -0.061868  58.383492  1.347907  1.000000
	#TM_POS 4.404625 -0.000183  -0.003503
	#TM_ROTQUAT -0.026144 0.004530 0.000111 0.999648
	#TM_SCALEQUAT -0.000000 -0.000000 -0.000000 0.999648
	#TM_SCALE 1.000000 1.000000 1.000000
#BoundingBoxMin -0.656173 57.863964 0.737685
#BoundingBoxMax 0.532438 58.903019 1.958128

#Name Bip001LFoot 12
#ParentName Bip001LCalf 9
#Class Dummy
#Node_TM
	#TM_ROW0 -0.000128  -1.000000  -0.000012  0.000000
	#TM_ROW1 -0.901211  0.000121  -0.433380  0.000000
	#TM_ROW2 0.433380  -0.000045  -0.901211  0.000000
	#TM_ROW3 10.247587  4.268442  -6.075797  1.000000
	#TM_POS 18.871494 -0.000001  0.000000
	#TM_ROTQUAT 0.126282 0.050874 0.054493 0.989189
	#TM_SCALEQUAT -0.031175 -0.000000 -0.001698 0.989189
	#TM_SCALE 1.000000 1.000000 1.000000
#BoundingBoxMin 9.580228 3.768359 -6.743098
#BoundingBoxMax 10.914947 4.768525 -5.408495

#Name Bip001RFoot 13
#ParentName Bip001RCalf 10
#Class Dummy
#Node_TM
	#TM_ROW0 -0.000002  -1.000000  0.000001  0.000000
	#TM_ROW1 -0.506436  0.000002  0.862277  0.000000
	#TM_ROW2 -0.862277  0.000001  -0.506436  0.000000
	#TM_ROW3 -7.071345  4.144228  9.192162  1.000000
	#TM_POS 18.871492 0.000000  0.000001
	#TM_ROTQUAT -0.133870 -0.046604 -0.113639 0.983358
	#TM_SCALEQUAT -0.075505 -0.000000 0.094801 0.983358
	#TM_SCALE 1.000000 1.000000 1.000000
#BoundingBoxMin -7.755702 3.644226 8.507804
#BoundingBoxMax -6.386987 4.644229 9.876519

#Name Bip001Neck 14
#ParentName Bip001Spine3 11
#Class Dummy
#Node_TM
	#TM_ROW0 0.059983  0.963396  -0.261284  0.000000
	#TM_ROW1 0.978204  -0.004604  0.207593  0.000000
	#TM_ROW2 0.198791  -0.268041  -0.942675  0.000000
	#TM_ROW3 -0.074658  62.786106  1.505813  1.000000
	#TM_POS 4.405464 -0.000000  -0.002575
	#TM_ROTQUAT -0.000000 -0.152626 0.000000 0.988284
	#TM_SCALEQUAT -0.000000 0.115809 0.005701 0.988284
	#TM_SCALE 1.000000 1.000000 1.000000
#BoundingBoxMin -0.693147 62.168087 0.800038
#BoundingBoxMax 0.543832 63.404125 2.211588

#Name Bip001LToe0 15
#ParentName Bip001LFoot 12
#Class Dummy
#Node_TM
	#TM_ROW0 0.537462  -0.000041  -0.843288  0.000000
	#TM_ROW1 -0.843288  0.000117  -0.537462  0.000000
	#TM_ROW2 0.000120  1.000000  0.000029  0.000000
	#TM_ROW3 12.557254  0.126136  -10.879896  1.000000
	#TM_POS 4.142067 0.000000  5.330659
	#TM_ROTQUAT 0.042114 -0.705858 -0.042113 0.705845
	#TM_SCALEQUAT 0.000001 -0.000004 0.061206 0.705845
	#TM_SCALE 1.000000 1.000000 1.000000
#BoundingBoxMin 11.866818 -0.373942 -11.570286
#BoundingBoxMax 13.247689 0.626215 -10.189507

#Name Bip001RToe0 16
#ParentName Bip001RFoot 13
#Class Dummy
#Node_TM
	#TM_ROW0 -0.889452  0.000002  -0.457028  0.000000
	#TM_ROW1 -0.457027  0.000002  0.889452  0.000000
	#TM_ROW2 0.000002  1.000000  -0.000001  0.000000
	#TM_ROW3 -11.667860  0.002167  6.492531  1.000000
	#TM_POS 4.142067 0.000000  5.330659
	#TM_ROTQUAT -0.019936 -0.706826 0.019936 0.706826
	#TM_SCALEQUAT 0.000001 0.000001 -0.000000 0.706826
	#TM_SCALE 1.000000 1.000000 1.000000
#BoundingBoxMin -12.341101 -0.497835 5.819291
#BoundingBoxMax -10.994619 0.502168 7.165771

#Name Bip001LClavicle 17
#ParentName Bip001Neck 14
#Class Dummy
#Node_TM
	#TM_ROW0 0.899364  -0.164860  0.404926  0.000000
	#TM_ROW1 0.136078  0.985730  0.099089  0.000000
	#TM_ROW2 -0.415484  -0.034015  0.908964  0.000000
	#TM_ROW3 1.458730  62.778168  1.828572  1.000000
	#TM_POS -0.000004 1.567007  0.002695
	#TM_ROTQUAT -0.626601 -0.756663 0.181108 0.045083
	#TM_SCALEQUAT 0.135812 0.085667 -0.000000 0.045083
	#TM_SCALE 1.000000 1.000000 1.000000
#BoundingBoxMin 0.733268 62.185863 1.122082
#BoundingBoxMax 2.184193 63.370472 2.535061

#Name Bip001RClavicle 18
#ParentName Bip001Neck 14
#Class Dummy
#Node_TM
	#TM_ROW0 -0.987750  -0.155979  0.004441  0.000000
	#TM_ROW1 0.155710  -0.987103  -0.037166  0.000000
	#TM_ROW2 0.010181  -0.036019  0.999299  0.000000
	#TM_ROW3 -1.606972  62.792595  1.177964  1.000000
	#TM_POS -0.000004 -1.567006  0.002705
	#TM_ROTQUAT 0.626600 -0.756664 -0.181106 0.045085
	#TM_SCALEQUAT -0.000000 0.101656 -0.067344 0.045085
	#TM_SCALE 1.000000 1.000000 1.000000
#BoundingBoxMin -2.183792 62.203045 0.657512
#BoundingBoxMax -1.030152 63.382145 1.698417

#Name Bip001Head 19
#ParentName Bip001Neck 14
#Class Dummy
#Node_TM
	#TM_ROW0 -0.000168  0.999703  -0.024392  0.000000
	#TM_ROW1 1.000000  0.000168  0.000005  0.000000
	#TM_ROW2 0.000009  -0.024392  -0.999702  0.000000
	#TM_ROW3 0.128727  66.052681  0.619882  1.000000
	#TM_POS 3.390686 0.000000  0.000000
	#TM_ROTQUAT 0.102876 0.122267 -0.017724 0.986992
	#TM_SCALEQUAT -0.031094 0.000000 -0.000575 0.986992
	#TM_SCALE 1.000000 1.000000 1.000000
#BoundingBoxMin -0.371361 65.540550 0.107832
#BoundingBoxMax 0.628816 66.564812 1.131932

#Name Bip001LUpperArm 20
#ParentName Bip001LClavicle 17
#Class Dummy
#Node_TM
	#TM_ROW0 0.335477  -0.896702  0.288758  0.000000
	#TM_ROW1 0.878070  0.186608  -0.440648  0.000000
	#TM_ROW2 0.341246  0.401377  0.849969  0.000000
	#TM_ROW3 6.948738  61.771812  4.300372  1.000000
	#TM_POS 6.104323 -0.000004  -0.000000
	#TM_ROTQUAT -0.415195 0.137967 -0.444668 0.781568
	#TM_SCALEQUAT -0.236283 -0.078761 -0.000000 0.781568
	#TM_SCALE 1.000000 1.000000 1.000000
#BoundingBoxMin 6.171342 61.029469 3.510684
#BoundingBoxMax 7.726134 62.514156 5.090060

#Name Bip001RUpperArm 21
#ParentName Bip001RClavicle 18
#Class Dummy
#Node_TM
	#TM_ROW0 -0.409225  -0.894560  0.179712  0.000000
	#TM_ROW1 0.460947  -0.032707  0.886825  0.000000
	#TM_ROW2 -0.787441  0.445749  0.425729  0.000000
	#TM_ROW3 -7.636518  61.840446  1.205074  1.000000
	#TM_POS 6.104323 0.000004  -0.000000
	#TM_ROTQUAT 0.517708 0.176916 0.443203 0.710106
	#TM_SCALEQUAT 0.081612 -0.000000 -0.054142 0.710106
	#TM_SCALE 1.000000 1.000000 1.000000
#BoundingBoxMin -8.465323 61.153938 0.458941
#BoundingBoxMax -6.807711 62.526955 1.951207

#Name Bip001LForearm 22
#ParentName Bip001LUpperArm 20
#Class Dummy
#Node_TM
	#TM_ROW0 0.067326  -0.959848  -0.272322  0.000000
	#TM_ROW1 0.878070  0.186608  -0.440648  0.000000
	#TM_ROW2 0.473773  -0.209451  0.855377  0.000000
	#TM_ROW3 10.782410  51.524738  7.600160  1.000000
	#TM_POS 11.427513 0.000000  0.000002
	#TM_ROTQUAT 0.000000 0.312531 0.000000 0.949907
	#TM_SCALEQUAT -0.053457 0.110218 0.026766 0.949907
	#TM_SCALE 1.000000 1.000000 1.000000
#BoundingBoxMin 10.072825 50.846786 6.815986
#BoundingBoxMax 11.491994 52.202690 8.384333

#Name Bip001RForearm 23
#ParentName Bip001RUpperArm 21
#Class Dummy
#Node_TM
	#TM_ROW0 -0.020054  -0.999449  -0.026437  0.000000
	#TM_ROW1 0.460947  -0.032707  0.886825  0.000000
	#TM_ROW2 -0.887201  0.005599  0.461349  0.000000
	#TM_ROW3 -12.312948  51.617844  3.258736  1.000000
	#TM_POS 11.427513 0.000000  0.000000
	#TM_ROTQUAT 0.000000 0.226359 -0.000000 0.974044
	#TM_SCALEQUAT 0.117327 0.058363 0.000000 0.974044
	#TM_SCALE 1.000000 1.000000 1.000000
#BoundingBoxMin -12.997049 51.098965 2.571431
#BoundingBoxMax -11.628847 52.136723 3.946041

#Name Bip001LHand 24
#ParentName Bip001LForearm 22
#Class Dummy
#Node_TM
	#TM_ROW0 -0.012611  -0.950628  -0.310076  0.000000
	#TM_ROW1 0.344055  -0.295292  0.891307  0.000000
	#TM_ROW2 -0.938865  -0.095444  0.330792  0.000000
	#TM_ROW3 11.556612  40.487164  4.468653  1.000000
	#TM_POS 11.499298 0.000000  0.000001
	#TM_ROTQUAT 0.755591 0.003985 -0.044263 0.653535
	#TM_SCALEQUAT 0.089898 -0.005603 -0.000000 0.653535
	#TM_SCALE 1.000000 1.000000 1.000000
#BoundingBoxMin 10.908847 39.816483 3.702565
#BoundingBoxMax 12.204377 41.157845 5.234741

#Name Bip001RHand 25
#ParentName Bip001RForearm 23
#Class Dummy
#Node_TM
	#TM_ROW0 0.004134  -0.999184  -0.040174  0.000000
	#TM_ROW1 0.605370  0.034477  -0.795197  0.000000
	#TM_ROW2 0.795934  -0.021033  0.605018  0.000000
	#TM_ROW3 -12.543556  40.124882  2.954733  1.000000
	#TM_POS 11.499294 0.000000  0.000000
	#TM_ROTQUAT -0.844696 0.007878 0.011463 0.535066
	#TM_SCALEQUAT 0.115657 -0.005701 -0.000000 0.535066
	#TM_SCALE 1.000000 1.000000 1.000000
#BoundingBoxMin -13.246275 39.597534 2.234538
#BoundingBoxMax -11.840837 40.652229 3.674928

#Name Bip001LFinger0 26
#ParentName Bip001LHand 24
#Class Dummy
#Node_TM
	#TM_ROW0 -0.351893  -0.762028  -0.543585  0.000000
	#TM_ROW1 0.929623  -0.216625  -0.298119  0.000000
	#TM_ROW2 0.109421  -0.610236  0.784627  0.000000
	#TM_ROW3 10.861526  38.419128  0.814558  1.000000
	#TM_POS 3.107746 -2.885397  -0.358773
	#TM_ROTQUAT -0.625348 0.037541 -0.223367 0.746751
	#TM_SCALEQUAT 0.026894 -0.033874 0.000000 0.746751
	#TM_SCALE 1.000000 1.000000 1.000000
#BoundingBoxMin 10.166058 37.624683 0.001392
#BoundingBoxMax 11.556993 39.213573 1.627724

#Name Bip001LFinger1 27
#ParentName Bip001LHand 24
#Class Dummy
#Node_TM
	#TM_ROW0 -0.256885  -0.859470  -0.441952  0.000000
	#TM_ROW1 0.119621  -0.482059  0.867934  0.000000
	#TM_ROW2 -0.959010  0.170092  0.226645  0.000000
	#TM_ROW3 11.563709  36.838718  1.507462  1.000000
	#TM_POS 4.386417 -1.559535  -0.637982
	#TM_ROTQUAT 0.101359 -0.100830 -0.105717 0.984065
	#TM_SCALEQUAT -0.000000 -0.068030 0.172350 0.984065
	#TM_SCALE 1.000000 1.000000 1.000000
#BoundingBoxMin 10.895951 36.082909 0.739197
#BoundingBoxMax 12.231467 37.594528 2.275728

#Name Bip001LFinger2 28
#ParentName Bip001LHand 24
#Class Dummy
#Node_TM
	#TM_ROW0 -0.182186  -0.922530  -0.340216  0.000000
	#TM_ROW1 0.001858  -0.346329  0.938111  0.000000
	#TM_ROW2 -0.983263  0.170278  0.064810  0.000000
	#TM_ROW3 11.668565  36.452389  2.465585  1.000000
	#TM_POS 4.455261 -0.555397  -0.382615
	#TM_ROTQUAT 0.171306 -0.080533 -0.033582 0.981346
	#TM_SCALEQUAT -0.054142 -0.081612 -0.000000 0.981346
	#TM_SCALE 1.000000 1.000000 1.000000
#BoundingBoxMin 11.084911 35.732819 1.794016
#BoundingBoxMax 12.252218 37.171959 3.137154

#Name Bip001LFinger3 29
#ParentName Bip001LHand 24
#Class Dummy
#Node_TM
	#TM_ROW0 -0.197268  -0.952238  -0.233083  0.000000
	#TM_ROW1 0.150885  -0.264413  0.952533  0.000000
	#TM_ROW2 -0.968669  0.152735  0.195839  0.000000
	#TM_ROW3 12.002290  36.122604  3.265996  1.000000
	#TM_POS 4.516365 0.370218  -0.399693
	#TM_ROTQUAT 0.101662 -0.099188 0.013001 0.989777
	#TM_SCALEQUAT 0.000000 -0.029004 -0.048777 0.989777
	#TM_SCALE 1.000000 1.000000 1.000000
#BoundingBoxMin 11.343879 35.437912 2.575268
#BoundingBoxMax 12.660701 36.807297 3.956723

#Name Bip001LFinger4 30
#ParentName Bip001LHand 24
#Class Dummy
#Node_TM
	#TM_ROW0 -0.232196  -0.946445  -0.224335  0.000000
	#TM_ROW1 0.343361  -0.295548  0.891490  0.000000
	#TM_ROW2 -0.910048  0.129973  0.393598  0.000000
	#TM_ROW3 12.345375  35.793087  4.079131  1.000000
	#TM_POS 4.573154 1.310315  -0.421374
	#TM_ROTQUAT 0.000354 -0.117884 -0.000141 0.993027
	#TM_SCALEQUAT -0.000000 -0.000000 -0.000000 0.993027
	#TM_SCALE 1.000000 1.000000 1.000000
#BoundingBoxMin 11.602572 35.107105 3.324419
#BoundingBoxMax 13.088178 36.479069 4.833843

#Name Bip001RFinger0 31
#ParentName Bip001RHand 25
#Class Dummy
#Node_TM
	#TM_ROW0 0.258725  -0.961415  0.093502  0.000000
	#TM_ROW1 0.827023  0.270488  0.492818  0.000000
	#TM_ROW2 -0.499094  -0.050176  0.865094  0.000000
	#TM_ROW3 -11.069538  37.126690  0.318359  1.000000
	#TM_POS 3.107750 2.885395  -0.358772
	#TM_ROTQUAT 0.654340 -0.090749 0.113105 0.742167
	#TM_SCALEQUAT -0.157044 0.076660 -0.104348 0.742167
	#TM_SCALE 1.000000 1.000000 1.000000
#BoundingBoxMin -11.861959 36.485649 -0.407348
#BoundingBoxMax -10.277118 37.767731 1.044066

#Name Bip001RFinger1 32
#ParentName Bip001RHand 25
#Class Dummy
#Node_TM
	#TM_ROW0 0.123503  -0.990644  -0.058061  0.000000
	#TM_ROW1 0.602082  0.121314  -0.789164  0.000000
	#TM_ROW2 0.788824  0.062507  0.611432  0.000000
	#TM_ROW3 -11.784430  35.739758  1.179636  1.000000
	#TM_POS 4.455997 1.719921  -0.377520
	#TM_ROTQUAT 0.001435 -0.042019 0.043531 0.998167
	#TM_SCALEQUAT 0.046702 0.004422 -0.063476 0.998167
	#TM_SCALE 1.000000 1.000000 1.000000
#BoundingBoxMin -12.541635 35.152527 0.450307
#BoundingBoxMax -11.027225 36.326988 1.908964

#Name Bip001RFinger2 33
#ParentName Bip001RHand 25
#Class Dummy
#Node_TM
	#TM_ROW0 0.148756  -0.988771  -0.014298  0.000000
	#TM_ROW1 0.603064  0.102168  -0.791123  0.000000
	#TM_ROW2 0.783700  0.109062  0.611489  0.000000
	#TM_ROW3 -12.461598  35.688557  2.061739  1.000000
	#TM_POS 4.468918 0.606771  -0.381735
	#TM_ROTQUAT 0.001823 -0.065389 0.033877 0.997283
	#TM_SCALEQUAT -0.087874 -0.007606 0.004619 0.997283
	#TM_SCALE 1.000000 1.000000 1.000000
#BoundingBoxMin -13.229359 35.088558 1.353284
#BoundingBoxMax -11.693838 36.288555 2.770195

#Name Bip001RFinger3 34
#ParentName Bip001RHand 25
#Class Dummy
#Node_TM
	#TM_ROW0 0.142192  -0.988649  0.048524  0.000000
	#TM_ROW1 0.602598  0.047569  -0.796626  0.000000
	#TM_ROW2 0.785275  0.142515  0.602522  0.000000
	#TM_ROW3 -13.067134  35.607845  2.825866  1.000000
	#TM_POS 4.516361 -0.370215  -0.399693
	#TM_ROTQUAT -0.001133 -0.081949 0.006633 0.996614
	#TM_SCALEQUAT -0.055921 0.063871 -0.003086 0.996614
	#TM_SCALE 1.000000 1.000000 1.000000
#BoundingBoxMin -13.832167 35.018478 2.102030
#BoundingBoxMax -12.302101 36.197212 3.549701

#Name Bip001RFinger4 35
#ParentName Bip001RHand 25
#Class Dummy
#Node_TM
	#TM_ROW0 0.190479  -0.976331  0.102444  0.000000
	#TM_ROW1 0.604817  0.034516  -0.795616  0.000000
	#TM_ROW2 0.773249  0.213509  0.597076  0.000000
	#TM_ROW3 -13.653261  35.519146  3.558032  1.000000
	#TM_POS 4.573151 -1.310314  -0.421371
	#TM_ROTQUAT -0.000344 -0.117884 0.000053 0.993027
	#TM_SCALEQUAT -0.077213 0.084450 0.017747 0.993027
	#TM_SCALE 1.000000 1.000000 1.000000
#BoundingBoxMin -14.437533 34.906967 2.810464
#BoundingBoxMax -12.868989 36.131325 4.305600

#Name Bip001LFinger01 36
#ParentName Bip001LFinger0 26
#Class Dummy
#Node_TM
	#TM_ROW0 -0.290853  -0.928065  -0.232594  0.000000
	#TM_ROW1 0.914792  -0.198531  -0.351769  0.000000
	#TM_ROW2 0.280287  -0.315089  0.906730  0.000000
	#TM_ROW3 10.488305  37.610916  0.238027  1.000000
	#TM_POS 1.060608 -0.000001  0.000002
	#TM_ROTQUAT -0.028792 -0.178816 -0.005235 0.983447
	#TM_SCALEQUAT -0.040488 0.014103 -0.000000 0.983447
	#TM_SCALE 1.000000 1.000000 1.000000
#BoundingBoxMin 9.745339 36.890072 -0.507519
#BoundingBoxMax 11.231271 38.331760 0.983574

#Name Bip001LFinger11 37
#ParentName Bip001LFinger1 27
#Class Dummy
#Node_TM
	#TM_ROW0 -0.557538  -0.755965  -0.343028  0.000000
	#TM_ROW1 0.119621  -0.482059  0.867934  0.000000
	#TM_ROW2 -0.821487  0.442873  0.359196  0.000000
	#TM_ROW3 11.179459  35.553123  0.846385  1.000000
	#TM_POS 1.495804 -0.000006  0.000002
	#TM_ROTQUAT 0.000000 -0.166502 -0.000000 0.986041
	#TM_SCALEQUAT 0.054500 -0.202693 0.069840 0.986041
	#TM_SCALE 1.000000 1.000000 1.000000
#BoundingBoxMin 10.430135 34.712673 0.061306
#BoundingBoxMax 11.928782 36.393574 1.631464

#Name Bip001LFinger21 38
#ParentName Bip001LFinger2 28
#Class Dummy
#Node_TM
	#TM_ROW0 -0.599005  -0.751575  -0.276277  0.000000
	#TM_ROW1 0.001858  -0.346329  0.938111  0.000000
	#TM_ROW2 -0.800743  0.561420  0.208849  0.000000
	#TM_ROW3 11.374976  34.965744  1.917333  1.000000
	#TM_POS 1.611485 -0.000001  -0.000002
	#TM_ROTQUAT 0.000000 -0.227515 0.000000 0.973775
	#TM_SCALEQUAT -0.000000 -0.109306 -0.057893 0.973775
	#TM_SCALE 1.000000 1.000000 1.000000
#BoundingBoxMin 10.674173 34.136082 1.205714
#BoundingBoxMax 12.075779 35.795406 2.628952

#Name Bip001LFinger31 39
#ParentName Bip001LFinger3 29
#Class Dummy
#Node_TM
	#TM_ROW0 -0.563770  -0.814524  -0.136800  0.000000
	#TM_ROW1 0.150885  -0.264413  0.952533  0.000000
	#TM_ROW2 -0.812033  0.516369  0.271968  0.000000
	#TM_ROW3 11.713685  34.729469  2.924992  1.000000
	#TM_POS 1.463009 -0.000001  -0.000000
	#TM_ROTQUAT -0.000000 -0.201594 0.000000 0.979469
	#TM_SCALEQUAT 0.063518 -0.111081 -0.000000 0.979469
	#TM_SCALE 1.000000 1.000000 1.000000
#BoundingBoxMin 10.950341 33.931816 2.244342
#BoundingBoxMax 12.477029 35.527122 3.605642

#Name Bip001LFinger41 40
#ParentName Bip001LFinger4 30
#Class Dummy
#Node_TM
	#TM_ROW0 -0.612181  -0.790284  -0.026212  0.000000
	#TM_ROW1 0.343361  -0.295548  0.891490  0.000000
	#TM_ROW2 -0.712277  0.536753  0.452282  0.000000
	#TM_ROW3 11.971975  34.271088  3.718372  1.000000
	#TM_POS 1.608120 0.000000  -0.000000
	#TM_ROTQUAT -0.000000 -0.228050 -0.000000 0.973649
	#TM_SCALEQUAT -0.000000 -0.000000 -0.000000 0.973649
	#TM_SCALE 1.000000 1.000000 1.000000
#BoundingBoxMin 11.138066 33.459797 3.033381
#BoundingBoxMax 12.805884 35.082378 4.403364

#Name Bip001RFinger01 41
#ParentName Bip001RFinger0 31
#Class Dummy
#Node_TM
	#TM_ROW0 0.066478  -0.917542  0.392042  0.000000
	#TM_ROW1 0.792948  0.287076  0.537420  0.000000
	#TM_ROW2 -0.605652  0.275142  0.746647  0.000000
	#TM_ROW3 -10.795132  36.107002  0.417529  1.000000
	#TM_POS 1.060612 0.000000  0.000000
	#TM_ROTQUAT 0.028792 -0.178816 0.005235 0.983447
	#TM_SCALEQUAT 0.000000 -0.024748 0.109156 0.983447
	#TM_SCALE 1.000000 1.000000 1.000000
#BoundingBoxMin -11.527671 35.367123 -0.420526
#BoundingBoxMax -10.062593 36.846882 1.255583

#Name Bip001RFinger11 42
#ParentName Bip001RFinger1 32
#Class Dummy
#Node_TM
	#TM_ROW0 0.375671  -0.915192  0.145925  0.000000
	#TM_ROW1 0.602082  0.121314  -0.789164  0.000000
	#TM_ROW2 0.704534  0.384325  0.596595  0.000000
	#TM_ROW3 -11.601462  34.272144  1.093618  1.000000
	#TM_POS 1.481476 0.000001  -0.000001
	#TM_ROTQUAT -0.000000 -0.166502 0.000000 0.986041
	#TM_SCALEQUAT 0.028596 0.192667 0.049631 0.986041
	#TM_SCALE 1.000000 1.000000 1.000000
#BoundingBoxMin -12.442606 33.561729 0.327776
#BoundingBoxMax -10.760319 34.982559 1.859460

#Name Bip001RFinger21 43
#ParentName Bip001RFinger2 33
#Class Dummy
#Node_TM
	#TM_ROW0 0.480611  -0.838082  0.258131  0.000000
	#TM_ROW1 0.603064  0.102168  -0.791123  0.000000
	#TM_ROW2 0.636654  0.535892  0.554520  0.000000
	#TM_ROW3 -12.221882  34.095165  2.038700  1.000000
	#TM_POS 1.611488 -0.000001  -0.000001
	#TM_ROTQUAT 0.000000 -0.227515 -0.000000 0.973775
	#TM_SCALEQUAT 0.258426 0.039322 0.061733 0.973775
	#TM_SCALE 1.000000 1.000000 1.000000
#BoundingBoxMin -13.082046 33.357094 1.236813
#BoundingBoxMax -11.361718 34.833237 2.840587

#Name Bip001RFinger31 44
#ParentName Bip001RFinger3 34
#Class Dummy
#Node_TM
	#TM_ROW0 0.440747  -0.852011  0.282522  0.000000
	#TM_ROW1 0.602598  0.047569  -0.796626  0.000000
	#TM_ROW2 0.665295  0.521358  0.534386  0.000000
	#TM_ROW3 -12.859106  34.161438  2.896857  1.000000
	#TM_POS 1.463013 -0.000001  0.000000
	#TM_ROTQUAT 0.000000 -0.201594 0.000000 0.979469
	#TM_SCALEQUAT -0.216514 0.114466 0.021903 0.979469
	#TM_SCALE 1.000000 1.000000 1.000000
#BoundingBoxMin -13.713427 33.450970 2.090090
#BoundingBoxMax -12.004786 34.871906 3.703624

#Name Bip001RFinger41 45
#ParentName Bip001RFinger4 35
#Class Dummy
#Node_TM
	#TM_ROW0 0.480361  -0.812659  0.329908  0.000000
	#TM_ROW1 0.604817  0.034516  -0.795616  0.000000
	#TM_ROW2 0.635177  0.581717  0.508089  0.000000
	#TM_ROW3 -13.346948  33.949085  3.722776  1.000000
	#TM_POS 1.608120 -0.000001  0.000000
	#TM_ROTQUAT 0.000000 -0.201594 0.000000 0.979469
	#TM_SCALEQUAT -0.062730 -0.000000 0.081146 0.979469
	#TM_SCALE 1.000000 1.000000 1.000000
#BoundingBoxMin -14.207125 33.234638 2.905969
#BoundingBoxMax -12.486771 34.663532 4.539583

#Name Bip001LFinger02 46
#ParentName Bip001LFinger01 36
#Class Dummy
#Node_TM
	#TM_ROW0 -0.173572  -0.979580  0.101474  0.000000
	#TM_ROW1 0.891887  -0.200050  -0.405609  0.000000
	#TM_ROW2 0.417626  0.020100  0.908397  0.000000
	#TM_ROW3 10.179823  36.626598  -0.008665  1.000000
	#TM_POS 1.060612 -0.000000  0.000000
	#TM_ROTQUAT -0.028792 -0.178816 -0.005235 0.983447
	#TM_SCALEQUAT -0.097749 -0.111988 -0.000000 0.983447
	#TM_SCALE 1.000000 1.000000 1.000000
#BoundingBoxMin 9.438281 36.026733 -0.716404
#BoundingBoxMax 10.921365 37.226463 0.699075

#Name Bip001LFinger12 47
#ParentName Bip001LFinger11 37
#Class Dummy
#Node_TM
	#TM_ROW0 -0.796365  -0.568630  -0.206064  0.000000
	#TM_ROW1 0.119621  -0.482059  0.867934  0.000000
	#TM_ROW2 -0.592868  0.666543  0.451915  0.000000
	#TM_ROW3 10.345490  34.422344  0.333281  1.000000
	#TM_POS 1.495810 0.000002  -0.000003
	#TM_ROTQUAT -0.000000 -0.166502 -0.000000 0.986041
	#TM_SCALEQUAT -0.000000 -0.000000 -0.000000 0.986041
	#TM_SCALE 1.000000 1.000000 1.000000
#BoundingBoxMin 9.591063 33.563728 -0.429676
#BoundingBoxMax 11.099916 35.280960 1.096238

#Name Bip001LFinger22 48
#ParentName Bip001LFinger21 38
#Class Dummy
#Node_TM
	#TM_ROW0 -0.891799  -0.425004  -0.155135  0.000000
	#TM_ROW1 0.001858  -0.346329  0.938111  0.000000
	#TM_ROW2 -0.452429  0.836319  0.309645  0.000000
	#TM_ROW3 10.409686  33.754589  1.472116  1.000000
	#TM_POS 1.611488 0.000001  0.000000
	#TM_ROTQUAT -0.000000 -0.227515 0.000000 0.973775
	#TM_SCALEQUAT -0.175804 0.069545 -0.372082 0.973775
	#TM_SCALE 1.000000 1.000000 1.000000
#BoundingBoxMin 9.736643 32.950764 0.770670
#BoundingBoxMax 11.082729 34.558414 2.173561

#Name Bip001LFinger32 49
#ParentName Bip001LFinger31 39
#Class Dummy
#Node_TM
	#TM_ROW0 -0.838627  -0.544401  -0.018278  0.000000
	#TM_ROW1 0.150885  -0.264413  0.952533  0.000000
	#TM_ROW2 -0.523393  0.796062  0.303886  0.000000
	#TM_ROW3 10.888882  33.537807  2.724853  1.000000
	#TM_POS 1.463017 0.000001  -0.000003
	#TM_ROTQUAT 0.000000 -0.201594 -0.000000 0.979469
	#TM_SCALEQUAT -0.000000 0.004420 -0.038366 0.979469
	#TM_SCALE 1.000000 1.000000 1.000000
#BoundingBoxMin 10.132429 32.735371 2.087504
#BoundingBoxMax 11.645334 34.340244 3.362201

#Name Bip001LFinger42 50
#ParentName Bip001LFinger41 40
#Class Dummy
#Node_TM
	#TM_ROW0 -0.864815  -0.469721  0.177365  0.000000
	#TM_ROW1 0.343361  -0.295548  0.891490  0.000000
	#TM_ROW2 -0.366331  0.831874  0.416878  0.000000
	#TM_ROW3 11.193229  33.265778  3.685030  1.000000
	#TM_POS 1.272087 0.000000  -0.000002
	#TM_ROTQUAT -0.000000 -0.228050 -0.000000 0.973649
	#TM_SCALEQUAT -0.000000 -0.000000 -0.000000 0.973649
	#TM_SCALE 1.000000 1.000000 1.000000
#BoundingBoxMin 10.405975 32.467205 2.942163
#BoundingBoxMax 11.980482 34.064350 4.427896

#Name Bip001RFinger02 51
#ParentName Bip001RFinger01 41
#Class Dummy
#Node_TM
	#TM_ROW0 -0.150974  -0.761961  0.629779  0.000000
	#TM_ROW1 0.757056  0.320547  0.569312  0.000000
	#TM_ROW2 -0.635668  0.562729  0.528453  0.000000
	#TM_ROW3 -10.724626  35.133854  0.833332  1.000000
	#TM_POS 1.060604 0.000002  0.000002
	#TM_ROTQUAT 0.028792 -0.178816 0.005235 0.983447
	#TM_SCALEQUAT 0.000000 0.152817 -0.055268 0.983447
	#TM_SCALE 1.000000 1.000000 1.000000
#BoundingBoxMin -11.496474 34.311234 -0.030440
#BoundingBoxMax -9.952777 35.956474 1.697104

#Name Bip001RFinger12 52
#ParentName Bip001RFinger11 42
#Class Dummy
#Node_TM
	#TM_ROW0 0.586179  -0.738253  0.333730  0.000000
	#TM_ROW1 0.602082  0.121314  -0.789164  0.000000
	#TM_ROW2 0.542117  0.663525  0.515601  0.000000
	#TM_ROW3 -11.039532  32.903191  1.311894  1.000000
	#TM_POS 1.495811 -0.000000  -0.000002
	#TM_ROTQUAT 0.000000 -0.166502 -0.000000 0.986041
	#TM_SCALEQUAT 0.108777 0.025583 0.010445 0.986041
	#TM_SCALE 1.000000 1.000000 1.000000
#BoundingBoxMin -11.904720 32.141644 0.492647
#BoundingBoxMax -10.174343 33.664738 2.131141

#Name Bip001RFinger22 53
#ParentName Bip001RFinger21 43
#Class Dummy
#Node_TM
	#TM_ROW0 0.712954  -0.513867  0.477114  0.000000
	#TM_ROW1 0.603064  0.102168  -0.791123  0.000000
	#TM_ROW2 0.357786  0.851764  0.382735  0.000000
	#TM_ROW3 -11.447383  32.744606  2.454674  1.000000
	#TM_POS 1.611488 0.000001  0.000001
	#TM_ROTQUAT 0.000000 -0.227515 0.000000 0.973775
	#TM_SCALEQUAT -0.000000 0.060360 -0.011665 0.973775
	#TM_SCALE 1.000000 1.000000 1.000000
#BoundingBoxMin -12.284285 32.010708 1.629188
#BoundingBoxMax -10.610481 33.478504 3.280161

#Name Bip001RFinger32 54
#ParentName Bip001RFinger31 44
#Class Dummy
#Node_TM
	#TM_ROW0 0.667655  -0.576871  0.470593  0.000000
	#TM_ROW1 0.602598  0.047569  -0.796625  0.000000
	#TM_ROW2 0.437165  0.815449  0.379381  0.000000
	#TM_ROW3 -12.214287  32.914936  3.310189  1.000000
	#TM_POS 1.463013 0.000001  0.000001
	#TM_ROTQUAT -0.000000 -0.201594 -0.000000 0.979469
	#TM_SCALEQUAT 0.202674 0.259561 -0.233221 0.979469
	#TM_SCALE 1.000000 1.000000 1.000000
#BoundingBoxMin -13.067995 32.194992 2.486890
#BoundingBoxMax -11.360579 33.634880 4.133489

#Name Bip001RFinger42 55
#ParentName Bip001RFinger41 45
#Class Dummy
#Node_TM
	#TM_ROW0 0.692155  -0.516880  0.503743  0.000000
	#TM_ROW1 0.604817  0.034516  -0.795616  0.000000
	#TM_ROW2 0.393851  0.855362  0.336508  0.000000
	#TM_ROW3 -12.735887  32.915306  4.142447  1.000000
	#TM_POS 1.272091 0.000000  -0.000003
	#TM_ROTQUAT 0.000000 -0.201594 -0.000000 0.979469
	#TM_SCALEQUAT -0.039098 0.185608 0.000000 0.979469
	#TM_SCALE 1.000000 1.000000 1.000000
#BoundingBoxMin -13.581298 32.211926 3.324513
#BoundingBoxMax -11.890475 33.618687 4.960381

**********Meshed**********
#Name FULL_MAX005 0
#ParentName NONE -1
#Node_TM
	#TM_ROW0 0.028587  -0.000012  0.000297  0.000000
	#TM_ROW1 -0.000001  0.028562  0.001211  0.000000
	#TM_ROW2 -0.000297  -0.001211  0.028561  0.000000
	#TM_ROW3 -0.063135  36.737736  -0.676661  1.000000
	#TM_POS -0.063135 36.737736  -0.676661
	#TM_ROTQUAT 0.021178 -0.005200 -0.000101 0.999762
	#TM_SCALEQUAT -0.007810 -0.000449 -0.000000 0.999762
	#TM_SCALE 0.028588 0.028588 0.028588

#Name BACKPACK1 1
#ParentName NONE -1
#Node_TM
	#TM_ROW0 1.000000  0.000000  0.000000  0.000000
	#TM_ROW1 0.000000  1.000000  0.000000  0.000000
	#TM_ROW2 0.000000  0.000000  1.000000  0.000000
	#TM_ROW3 -0.332124  56.552261  3.263695  1.000000
	#TM_POS -0.332124 56.552261  3.263695
	#TM_ROTQUAT -0.000000 -0.000000 -0.000000 1.000000
	#TM_SCALEQUAT -0.000000 -0.000000 -0.000000 1.000000
	#TM_SCALE 1.000000 1.000000 1.000000

**********SubsetTable**********
SubsetID: 0 0 -1 VertexWStart: 0 VertexWCount: 1613 FaceStart: 0 FaceCount: 2640
SubsetID: 1 1 -1 VertexWStart: 1613 VertexWCount: 2830 FaceStart: 2640 FaceCount: 952

**********Vertices**********
Position: -1.762576 66.205002 -0.910676
Normal: -0.734803 -0.429315 -0.525122
Color: 1.000000 1.000000 1.000000 1.000000
Tex-Coords: 0.333732 0.126520
WeightNum: 1 Index0 0 1.000000

Position: -2.234570 63.419716 0.045931
Normal: -0.188961 0.295815 -0.936369
Color: 1.000000 1.000000 1.000000 1.000000
Tex-Coords: 0.257697 0.118199
WeightNum: 1 Index0 0 1.000000

Position: -2.049361 66.723289 -0.610431
Normal: -0.938152 -0.232014 -0.256985
Color: 1.000000 1.000000 1.000000 1.000000
Tex-Coords: 0.314215 0.114764
WeightNum: 1 Index0 0 1.000000

Position: -0.986609 62.255199 -0.593770
Normal: 0.177925 0.398259 -0.899851
Color: 1.000000 1.000000 1.000000 1.000000
Tex-Coords: 0.300100 0.151449
WeightNum: 1 Index0 0 1.000000

Position: -2.675709 65.991676 2.132853
Normal: 0.087481 0.891301 -0.444893
Color: 1.000000 1.000000 1.000000 1.000000
Tex-Coords: 0.268876 0.052840
WeightNum: 1 Index0 0 1.000000

Position: -2.311125 66.702454 0.654392
Normal: -0.998298 -0.030306 -0.049832
Color: 1.000000 1.000000 1.000000 1.000000
Tex-Coords: 0.300586 0.085200
WeightNum: 1 Index0 0 1.000000

Position: -2.500409 64.979935 1.307847
Normal: -0.186298 0.569316 -0.800732
Color: 1.000000 1.000000 1.000000 1.000000
Tex-Coords: 0.265529 0.076613
WeightNum: 1 Index0 0 1.000000

Position: -1.889074 67.171776 1.785784
Normal: -0.879787 0.074474 0.469497
Color: 1.000000 1.000000 1.000000 1.000000
Tex-Coords: 0.295694 0.061031
WeightNum: 1 Index0 0 1.000000

Position: -9.950759 56.146786 5.428709
Normal: 0.115932 0.020998 0.993035
Color: 1.000000 1.000000 1.000000 1.000000
Tex-Coords: 0.742117 0.394967
WeightNum: 1 Index0 0 1.000000

Position: -9.568692 51.656265 3.577618
Normal: 0.906185 -0.226366 0.357194
Color: 1.000000 1.000000 1.000000 1.000000
Tex-Coords: 0.778173 0.328588
WeightNum: 1 Index0 0 1.000000

Position: -7.694803 54.770611 2.901070
Normal: 0.800012 -0.538240 0.265100
Color: 1.000000 1.000000 1.000000 1.000000
Tex-Coords: 0.770932 0.390000
WeightNum: 1 Index0 0 1.000000

Position: -11.601982 52.426376 5.274642
Normal: 0.198286 0.093757 0.975650
Color: 1.000000 1.000000 1.000000 1.000000
Tex-Coords: 0.752182 0.325165
WeightNum: 1 Index0 0 1.000000

Position: -8.995436 54.399345 -0.025720
Normal: 0.343829 -0.520897 -0.781312
Color: 1.000000 1.000000 1.000000 1.000000
Tex-Coords: 0.824117 0.390578
WeightNum: 1 Index0 0 1.000000

Position: -10.229542 51.797745 1.372579
Normal: 0.645811 -0.246729 -0.722532
Color: 1.000000 1.000000 1.000000 1.000000
Tex-Coords: 0.827409 0.332175
WeightNum: 1 Index0 0 1.000000

Position: -13.818752 52.328148 5.115878
Normal: -0.707296 0.348738 0.614910
Color: 1.000000 1.000000 1.000000 1.000000
Tex-Coords: 0.927439 0.294592
WeightNum: 1 Index0 0 1.000000

Position: -11.601982 52.426376 5.274642
Normal: 0.198286 0.093757 0.975650
Color: 1.000000 1.000000 1.000000 1.000000
Tex-Coords: 0.949680 0.282228
WeightNum: 1 Index0 0 1.000000

Position: -13.186308 53.355782 4.544833
Normal: -0.699067 0.476105 0.533506
Color: 1.000000 1.000000 1.000000 1.000000
Tex-Coords: 0.922327 0.321873
WeightNum: 1 Index0 0 1.000000

Position: -11.099631 54.830734 0.122661
Normal: -0.407479 -0.231743 -0.883321
Color: 1.000000 1.000000 1.000000 1.000000
Tex-Coords: 0.854916 0.386520
WeightNum: 1 Index0 0 1.000000

Position: -11.756866 52.461430 1.006922
Normal: -0.346917 -0.031466 -0.937368
Color: 1.000000 1.000000 1.000000 1.000000
Tex-Coords: 0.858478 0.324408
WeightNum: 1 Index0 0 1.000000

Position: -13.413063 52.995201 2.808311
Normal: -0.926462 0.221348 -0.304424
Color: 1.000000 1.000000 1.000000 1.000000
Tex-Coords: 0.888984 0.310975
WeightNum: 1 Index0 0 1.000000

Position: -13.311594 55.961823 1.828071
Normal: -0.956391 0.133182 -0.259961
Color: 1.000000 1.000000 1.000000 1.000000
Tex-Coords: 0.877470 0.384890
WeightNum: 1 Index0 0 1.000000

Position: -4.413411 42.680958 5.824187
Normal: -0.357309 -0.057140 0.932237
Color: 1.000000 1.000000 1.000000 1.000000
Tex-Coords: 0.134841 0.513059
WeightNum: 1 Index0 0 1.000000

Position: -1.563219 46.127998 5.150936
Normal: -0.148757 -0.781307 0.606160
Color: 1.000000 1.000000 1.000000 1.000000
Tex-Coords: 0.106824 0.483999
WeightNum: 1 Index0 0 1.000000

Position: -4.072279 46.566071 4.643459
Normal: -0.255412 -0.918230 0.302684
Color: 1.000000 1.000000 1.000000 1.000000
Tex-Coords: 0.136336 0.483981
WeightNum: 1 Index0 0 1.000000

Position: -1.574954 42.135513 6.279536
Normal: -0.105419 -0.207585 0.972520
Color: 1.000000 1.000000 1.000000 1.000000
Tex-Coords: 0.106638 0.515136
WeightNum: 1 Index0 0 1.000000

Position: 0.326879 38.258301 2.781236
Normal: -0.022782 0.988615 0.148732
Color: 1.000000 1.000000 1.000000 1.000000
Tex-Coords: 0.117752 0.557582
WeightNum: 1 Index0 0 1.000000

Position: -0.473572 36.707035 2.372144
Normal: -0.853623 -0.292503 0.431011
Color: 1.000000 1.000000 1.000000 1.000000
Tex-Coords: 0.098968 0.548932
WeightNum: 1 Index0 0 1.000000

Position: -0.910163 34.775253 -1.820331
Normal: 0.796694 -0.499297 -0.340559
Color: 1.000000 1.000000 1.000000 1.000000
Tex-Coords: 0.067806 0.582279
WeightNum: 1 Index0 0 1.000000

Position: -0.838693 35.176655 -2.092852
Normal: 0.437664 -0.844674 -0.308183
Color: 1.000000 1.000000 1.000000 1.000000
Tex-Coords: 0.067499 0.570706
WeightNum: 1 Index0 0 1.000000

Position: -2.523585 35.590252 -2.984757
Normal: 0.236159 -0.210011 -0.948749
Color: 1.000000 1.000000 1.000000 1.000000
Tex-Coords: 0.283143 0.562237
WeightNum: 1 Index0 0 1.000000

Position: -0.838693 35.176655 -2.092852
Normal: 0.437664 -0.844674 -0.308183
Color: 1.000000 1.000000 1.000000 1.000000
Tex-Coords: 0.311442 0.564020
WeightNum: 1 Index0 0 1.000000

Position: -0.910163 34.775253 -1.820331
Normal: 0.796694 -0.499297 -0.340559
Color: 1.000000 1.000000 1.000000 1.000000
Tex-Coords: 0.311360 0.579403
WeightNum: 1 Index0 0 1.000000

Position: -1.774230 36.287460 -3.444500
Normal: -0.063149 -0.476625 -0.876835
Color: 1.000000 1.000000 1.000000 1.000000
Tex-Coords: 0.292507 0.544682
WeightNum: 1 Index0 0 1.000000

Position: -6.963128 44.689793 -0.524690
Normal: -0.930307 0.243560 -0.274240
Color: 1.000000 1.000000 1.000000 1.000000
Tex-Coords: 0.217195 0.511761
WeightNum: 1 Index0 0 1.000000

Position: -6.125003 46.967545 2.404020
Normal: -0.312137 -0.945983 0.087675
Color: 1.000000 1.000000 1.000000 1.000000
Tex-Coords: 0.176218 0.482732
WeightNum: 1 Index0 0 1.000000

Position: -5.902347 47.408932 -0.829164
Normal: -0.300418 -0.948789 -0.097712
Color: 1.000000 1.000000 1.000000 1.000000
Tex-Coords: 0.239556 0.478823
WeightNum: 1 Index0 0 1.000000

Position: -6.595264 43.852058 3.282532
Normal: -0.851332 0.249945 0.461260
Color: 1.000000 1.000000 1.000000 1.000000
Tex-Coords: 0.169713 0.515878
WeightNum: 1 Index0 0 1.000000

Position: -5.223422 41.739418 -3.612447
Normal: -0.533479 -0.013450 -0.845706
Color: 1.000000 1.000000 1.000000 1.000000
Tex-Coords: 0.251417 0.532214
WeightNum: 1 Index0 0 1.000000

Position: -1.991935 42.540070 -4.480877
Normal: -0.154971 -0.139530 -0.978016
Color: 1.000000 1.000000 1.000000 1.000000
Tex-Coords: 0.279675 0.524422
WeightNum: 1 Index0 0 1.000000

Position: -4.515713 45.010582 -3.524487
Normal: -0.619365 0.157254 -0.769193
Color: 1.000000 1.000000 1.000000 1.000000
Tex-Coords: 0.264335 0.501052
WeightNum: 1 Index0 0 1.000000

Position: -3.994739 47.468178 -3.031412
Normal: -0.242686 -0.881700 -0.404610
Color: 1.000000 1.000000 1.000000 1.000000
Tex-Coords: 0.272446 0.478228
WeightNum: 1 Index0 0 1.000000

Position: -2.265797 44.936646 -4.579423
Normal: -0.218500 0.009964 -0.975786
Color: 1.000000 1.000000 1.000000 1.000000
Tex-Coords: 0.302985 0.495180
WeightNum: 1 Index0 0 1.000000

Position: -7.804725 41.939362 0.007887
Normal: -0.962429 0.229109 -0.145740
Color: 1.000000 1.000000 1.000000 1.000000
Tex-Coords: 0.207392 0.542045
WeightNum: 1 Index0 0 1.000000

Position: -6.730666 40.700058 4.090958
Normal: -0.641069 0.146255 0.753419
Color: 1.000000 1.000000 1.000000 1.000000
Tex-Coords: 0.158254 0.547319
WeightNum: 1 Index0 0 1.000000

Position: -1.888673 29.198978 6.043519
Normal: 0.826735 0.012422 0.562455
Color: 1.000000 1.000000 1.000000 1.000000
Tex-Coords: 0.119239 0.610110
WeightNum: 1 Index0 0 1.000000

Position: -1.957633 24.542984 3.027008
Normal: 0.640386 -0.766061 -0.055283
Color: 1.000000 1.000000 1.000000 1.000000
Tex-Coords: 0.067608 0.664960
WeightNum: 1 Index0 0 1.000000

Position: -1.660354 29.262806 0.126245
Normal: 0.854759 -0.299598 -0.423826
Color: 1.000000 1.000000 1.000000 1.000000
Tex-Coords: 0.067633 0.646464
WeightNum: 1 Index0 0 1.000000

Position: -2.616755 25.285393 7.263819
Normal: 0.448189 -0.574776 0.684660
Color: 1.000000 1.000000 1.000000 1.000000
Tex-Coords: 0.112161 0.645005
WeightNum: 1 Index0 0 1.000000

Position: -1.660354 29.262806 0.126245
Normal: 0.854759 -0.299598 -0.423826
