**********ZXCS_Header**********
#SkinExporter V1.2
#Mon Jan  7 21:11:15 2019
#Materials 1
#Nodes 144
#Vertices 6167
#Triangles 6790
#Subset 8

**********Materials**********
#Name MultiMat_0
#Diffuse: 0.800000 0.800000 0.800000
#Specular: 0.200000 0.200000 0.200000
#Ambient: 0.700000 0.700000 0.700000
#Shininess: 0.432193
#MapNum 0
#SubMtlNum 8
	#SubMtlName creature/deathwing/deathwing_0
	#Diffuse: 0.800000 0.800000 0.800000
	#Specular: 0.200000 0.200000 0.200000
	#Ambient: 0.700000 0.700000 0.700000
	#Shininess: 0.432193
	#MapNum 2
	#MapSubNO 1
	#TexFile deathwing3.png
	#MapSubNO 8
	#TexFile deathwing3_norm.png

	#SubMtlName creature/deathwing/deathwing_1
	#Diffuse: 0.800000 0.800000 0.800000
	#Specular: 0.200000 0.200000 0.200000
	#Ambient: 0.700000 0.700000 0.700000
	#Shininess: 0.432193
	#MapNum 2
	#MapSubNO 1
	#TexFile deathwing2.png
	#MapSubNO 8
	#TexFile deathwing2_norm.png

	#SubMtlName creature/deathwing/deathwing_2
	#Diffuse: 0.800000 0.800000 0.800000
	#Specular: 0.200000 0.200000 0.200000
	#Ambient: 0.700000 0.700000 0.700000
	#Shininess: 0.432193
	#MapNum 2
	#MapSubNO 1
	#TexFile deathwing1.png
	#MapSubNO 8
	#TexFile deathwing1_norm.png

	#SubMtlName creature/deathwing/deathwing_3
	#Diffuse: 0.800000 0.800000 0.800000
	#Specular: 0.200000 0.200000 0.200000
	#Ambient: 0.700000 0.700000 0.700000
	#Shininess: 0.432193
	#MapNum 2
	#MapSubNO 1
	#TexFile deathwing3.png
	#MapSubNO 8
	#TexFile deathwing3_norm.png

	#SubMtlName creature/deathwing/deathwing_4
	#Diffuse: 0.800000 0.800000 0.800000
	#Specular: 0.200000 0.200000 0.200000
	#Ambient: 0.700000 0.700000 0.700000
	#Shininess: 0.432193
	#MapNum 2
	#MapSubNO 1
	#TexFile deathwing2.png
	#MapSubNO 8
	#TexFile deathwing2_norm.png

	#SubMtlName creature/deathwing/deathwing_5
	#Diffuse: 0.800000 0.800000 0.800000
	#Specular: 0.200000 0.200000 0.200000
	#Ambient: 0.700000 0.700000 0.700000
	#Shininess: 0.432193
	#MapNum 2
	#MapSubNO 1
	#TexFile deathwing1.png
	#MapSubNO 8
	#TexFile deathwing1_norm.png

	#SubMtlName creature/deathwing/deathwing_6
	#Diffuse: 0.800000 0.800000 0.800000
	#Specular: 0.200000 0.200000 0.200000
	#Ambient: 0.700000 0.700000 0.700000
	#Shininess: 0.432193
	#MapNum 2
	#MapSubNO 1
	#TexFile deathwing2.png
	#MapSubNO 8
	#TexFile deathwing2_norm.png

	#SubMtlName creature/deathwing/deathwing_7
	#Diffuse: 0.800000 0.800000 0.800000
	#Specular: 0.200000 0.200000 0.200000
	#Ambient: 0.700000 0.700000 0.700000
	#Shininess: 0.432193
	#MapNum 2
	#MapSubNO 1
	#TexFile deathwing3.png
	#MapSubNO 8
	#TexFile deathwing3_norm.png

**********Nodes**********
#Name creature/deathwing/deathwing 0
#ParentName NONE -1
#Class Mesh
#Node_TM
	#TM_ROW0 1.000000  0.000000  0.000000  0.000000
	#TM_ROW1 0.000000  -0.000000  -1.000000  0.000000
	#TM_ROW2 0.000000  1.000000  -0.000000  0.000000
	#TM_ROW3 0.000000  0.000000  0.000000  1.000000
	#TM_POS 0.000000 0.000000  0.000000
	#TM_ROTQUAT -0.707107 -0.000000 -0.000000 0.707107
	#TM_SCALEQUAT -0.000000 -0.000000 -0.000000 1.000000
	#TM_SCALE 1.000000 1.000000 1.000000
#BoundingBoxCenter -196.694244 -33.935165 21.942139
#BoundingBoxExtents 722.466064 508.589233 1429.706299

#Name creature/deathwing/deathwing_ 1
#ParentName NONE -1
#Class Dummy
#Node_TM
	#TM_ROW0 1.000000  0.000000  0.000000  0.000000
	#TM_ROW1 0.000000  -0.000000  -1.000000  0.000000
	#TM_ROW2 0.000000  1.000000  -0.000000  0.000000
	#TM_ROW3 0.000000  0.000000  0.000000  1.000000
	#TM_POS 0.000000 0.000000  0.000000
	#TM_ROTQUAT -0.707107 -0.000000 -0.000000 0.707107
	#TM_SCALEQUAT -0.000000 -0.000000 -0.000000 1.000000
	#TM_SCALE 1.000000 1.000000 1.000000
#BoundingBoxCenter 0.000000 0.000000 0.000000
#BoundingBoxExtents 0.500000 0.500000 0.500000

#Name creature/deathwing/deathwing_bone_0 2
#ParentName creature/deathwing/deathwing_ 1
#Class Dummy
#Node_TM
	#TM_ROW0 0.995571  -0.093083  -0.013156  0.000000
	#TM_ROW1 -0.013792  -0.006200  -0.999886  0.000000
	#TM_ROW2 0.092991  0.995639  -0.007457  0.000000
	#TM_ROW3 -60.092228  -208.515137  26.622829  1.000000
	#TM_POS -60.092228 -26.622820  -208.515137
	#TM_ROTQUAT -0.003418 0.046571 0.006744 0.998886
	#TM_SCALEQUAT -0.000000 -0.000000 -0.000000 1.000000
	#TM_SCALE 1.000000 1.000000 1.000000
#BoundingBoxCenter -60.092228 -208.515137 26.622829
#BoundingBoxExtents 0.551178 0.547455 0.510248

#Name creature/deathwing/deathwing_bone_103 3
#ParentName creature/deathwing/deathwing_ 1
#Class Dummy
#Node_TM
	#TM_ROW0 1.000000  0.000000  0.000000  0.000000
	#TM_ROW1 0.000000  -0.000000  -1.000000  0.000000
	#TM_ROW2 0.000000  1.000000  -0.000000  0.000000
	#TM_ROW3 52.411694  597.081970  -0.000026  1.000000
	#TM_POS 52.411694 -0.000000  597.081970
	#TM_ROTQUAT -0.000000 -0.000000 -0.000000 1.000000
	#TM_SCALEQUAT -0.000000 -0.000000 -0.000000 1.000000
	#TM_SCALE 1.000000 1.000000 1.000000
#BoundingBoxCenter 52.411694 597.081970 -0.000026
#BoundingBoxExtents 0.500000 0.500000 0.500000

#Name creature/deathwing/deathwing_bone_104 4
#ParentName creature/deathwing/deathwing_ 1
#Class Dummy
#Node_TM
	#TM_ROW0 1.000000  0.000000  0.000000  0.000000
	#TM_ROW1 0.000000  -0.000000  -1.000000  0.000000
	#TM_ROW2 0.000000  1.000000  -0.000000  0.000000
	#TM_ROW3 0.000000  0.000000  0.000000  1.000000
	#TM_POS 0.000000 0.000000  0.000000
	#TM_ROTQUAT -0.000000 -0.000000 -0.000000 1.000000
	#TM_SCALEQUAT -0.000000 -0.000000 -0.000000 1.000000
	#TM_SCALE 1.000000 1.000000 1.000000
#BoundingBoxCenter 0.000000 0.000000 0.000000
#BoundingBoxExtents 0.500000 0.500000 0.500000

#Name creature/deathwing/deathwing_bone_105 5
#ParentName creature/deathwing/deathwing_ 1
#Class Dummy
#Node_TM
	#TM_ROW0 1.000000  0.000000  0.000000  0.000000
	#TM_ROW1 0.000000  -0.000000  -1.000000  0.000000
	#TM_ROW2 0.000000  1.000000  -0.000000  0.000000
	#TM_ROW3 172.982788  489.512756  -0.000021  1.000000
	#TM_POS 172.982788 0.000000  489.512756
	#TM_ROTQUAT -0.000000 -0.000000 -0.000000 1.000000
	#TM_SCALEQUAT -0.000000 -0.000000 -0.000000 1.000000
	#TM_SCALE 1.000000 1.000000 1.000000
#BoundingBoxCenter 172.982788 489.512756 -0.000021
#BoundingBoxExtents 0.500000 0.500000 0.500000

#Name creature/deathwing/deathwing_bone_106 6
#ParentName creature/deathwing/deathwing_ 1
#Class Dummy
#Node_TM
	#TM_ROW0 1.000000  0.000000  0.000000  0.000000
	#TM_ROW1 0.000000  -0.000000  -1.000000  0.000000
	#TM_ROW2 0.000000  1.000000  -0.000000  0.000000
	#TM_ROW3 0.000000  0.000000  0.000000  1.000000
	#TM_POS 0.000000 0.000000  0.000000
	#TM_ROTQUAT -0.000000 -0.000000 -0.000000 1.000000
	#TM_SCALEQUAT -0.000000 -0.000000 -0.000000 1.000000
	#TM_SCALE 1.000000 1.000000 1.000000
#BoundingBoxCenter 0.000000 0.000000 0.000000
#BoundingBoxExtents 0.500000 0.500000 0.500000

#Name creature/deathwing/deathwing_bone_107 7
#ParentName creature/deathwing/deathwing_ 1
#Class Dummy
#Node_TM
	#TM_ROW0 1.000000  0.000000  0.000000  0.000000
	#TM_ROW1 0.000000  -0.000000  -1.000000  0.000000
	#TM_ROW2 0.000000  1.000000  -0.000000  0.000000
	#TM_ROW3 0.000000  0.000000  0.000000  1.000000
	#TM_POS 0.000000 0.000000  0.000000
	#TM_ROTQUAT -0.000000 -0.000000 -0.000000 1.000000
	#TM_SCALEQUAT -0.000000 -0.000000 -0.000000 1.000000
	#TM_SCALE 1.000000 1.000000 1.000000
#BoundingBoxCenter 0.000000 0.000000 0.000000
#BoundingBoxExtents 0.500000 0.500000 0.500000

#Name creature/deathwing/deathwing_bone_108 8
#ParentName creature/deathwing/deathwing_ 1
#Class Dummy
#Node_TM
	#TM_ROW0 1.000000  0.000000  0.000000  0.000000
	#TM_ROW1 0.000000  -0.000000  -1.000000  0.000000
	#TM_ROW2 0.000000  1.000000  -0.000000  0.000000
	#TM_ROW3 0.000000  0.000000  0.000000  1.000000
	#TM_POS 0.000000 0.000000  0.000000
	#TM_ROTQUAT -0.000000 -0.000000 -0.000000 1.000000
	#TM_SCALEQUAT -0.000000 -0.000000 -0.000000 1.000000
	#TM_SCALE 1.000000 1.000000 1.000000
#BoundingBoxCenter 0.000000 0.000000 0.000000
#BoundingBoxExtents 0.500000 0.500000 0.500000

#Name creature/deathwing/deathwing_bone_109 9
#ParentName creature/deathwing/deathwing_ 1
#Class Dummy
#Node_TM
	#TM_ROW0 1.000000  0.000000  0.000000  0.000000
	#TM_ROW1 0.000000  -0.000000  -1.000000  0.000000
	#TM_ROW2 0.000000  1.000000  -0.000000  0.000000
	#TM_ROW3 232.328156  0.000002  43.861881  1.000000
	#TM_POS 232.328156 -43.861881  0.000000
	#TM_ROTQUAT -0.000000 -0.000000 -0.000000 1.000000
	#TM_SCALEQUAT -0.000000 -0.000000 -0.000000 1.000000
	#TM_SCALE 1.000000 1.000000 1.000000
#BoundingBoxCenter 232.328156 0.000002 43.861881
#BoundingBoxExtents 0.500000 0.500000 0.500000

#Name creature/deathwing/deathwing_bone_110 10
#ParentName creature/deathwing/deathwing_ 1
#Class Dummy
#Node_TM
	#TM_ROW0 1.000000  0.000000  0.000000  0.000000
	#TM_ROW1 0.000000  -0.000000  -1.000000  0.000000
	#TM_ROW2 0.000000  1.000000  -0.000000  0.000000
	#TM_ROW3 19.108770  0.000005  122.617851  1.000000
	#TM_POS 19.108770 -122.617851  0.000000
	#TM_ROTQUAT -0.000000 -0.000000 -0.000000 1.000000
	#TM_SCALEQUAT -0.000000 -0.000000 -0.000000 1.000000
	#TM_SCALE 1.000000 1.000000 1.000000
#BoundingBoxCenter 19.108770 0.000005 122.617851
#BoundingBoxExtents 0.500000 0.500000 0.500000

#Name creature/deathwing/deathwing_bone_111 11
#ParentName creature/deathwing/deathwing_ 1
#Class Dummy
#Node_TM
	#TM_ROW0 1.000000  0.000000  0.000000  0.000000
	#TM_ROW1 0.000000  -0.000000  -1.000000  0.000000
	#TM_ROW2 0.000000  1.000000  -0.000000  0.000000
	#TM_ROW3 252.025467  -0.000002  -45.398373  1.000000
	#TM_POS 252.025467 45.398373  0.000000
	#TM_ROTQUAT -0.000000 -0.000000 -0.000000 1.000000
	#TM_SCALEQUAT -0.000000 -0.000000 -0.000000 1.000000
	#TM_SCALE 1.000000 1.000000 1.000000
#BoundingBoxCenter 252.025467 -0.000002 -45.398373
#BoundingBoxExtents 0.500000 0.500000 0.500000

#Name creature/deathwing/deathwing_bone_112 12
#ParentName creature/deathwing/deathwing_ 1
#Class Dummy
#Node_TM
	#TM_ROW0 1.000000  0.000000  0.000000  0.000000
	#TM_ROW1 0.000000  -0.000000  -1.000000  0.000000
	#TM_ROW2 0.000000  1.000000  -0.000000  0.000000
	#TM_ROW3 26.026615  -0.000005  -122.766457  1.000000
	#TM_POS 26.026615 122.766457  0.000000
	#TM_ROTQUAT -0.000000 -0.000000 -0.000000 1.000000
	#TM_SCALEQUAT -0.000000 -0.000000 -0.000000 1.000000
	#TM_SCALE 1.000000 1.000000 1.000000
#BoundingBoxCenter 26.026615 -0.000005 -122.766457
#BoundingBoxExtents 0.500000 0.500000 0.500000

#Name creature/deathwing/deathwing_bone_113 13
#ParentName creature/deathwing/deathwing_ 1
#Class Dummy
#Node_TM
	#TM_ROW0 1.000000  0.000000  0.000000  0.000000
	#TM_ROW1 0.000000  -0.000000  -1.000000  0.000000
	#TM_ROW2 0.000000  1.000000  -0.000000  0.000000
	#TM_ROW3 217.750961  0.000002  43.884556  1.000000
	#TM_POS 217.750961 -43.884556  0.000000
	#TM_ROTQUAT -0.000000 -0.000000 -0.000000 1.000000
	#TM_SCALEQUAT -0.000000 -0.000000 -0.000000 1.000000
	#TM_SCALE 1.000000 1.000000 1.000000
#BoundingBoxCenter 217.750961 0.000002 43.884556
#BoundingBoxExtents 0.500000 0.500000 0.500000

#Name creature/deathwing/deathwing_bone_114 14
#ParentName creature/deathwing/deathwing_ 1
#Class Dummy
#Node_TM
	#TM_ROW0 1.000000  0.000000  0.000000  0.000000
	#TM_ROW1 0.000000  -0.000000  -1.000000  0.000000
	#TM_ROW2 0.000000  1.000000  -0.000000  0.000000
	#TM_ROW3 15.334500  0.000005  122.854301  1.000000
	#TM_POS 15.334500 -122.854301  0.000000
	#TM_ROTQUAT -0.000000 -0.000000 -0.000000 1.000000
	#TM_SCALEQUAT -0.000000 -0.000000 -0.000000 1.000000
	#TM_SCALE 1.000000 1.000000 1.000000
#BoundingBoxCenter 15.334500 0.000005 122.854301
#BoundingBoxExtents 0.500000 0.500000 0.500000

#Name creature/deathwing/deathwing_bone_115 15
#ParentName creature/deathwing/deathwing_ 1
#Class Dummy
#Node_TM
	#TM_ROW0 1.000000  0.000000  0.000000  0.000000
	#TM_ROW1 0.000000  -0.000000  -1.000000  0.000000
	#TM_ROW2 0.000000  1.000000  -0.000000  0.000000
	#TM_ROW3 240.877441  -0.000002  -45.019047  1.000000
	#TM_POS 240.877441 45.019047  -0.000000
	#TM_ROTQUAT -0.000000 -0.000000 -0.000000 1.000000
	#TM_SCALEQUAT -0.000000 -0.000000 -0.000000 1.000000
	#TM_SCALE 1.000000 1.000000 1.000000
#BoundingBoxCenter 240.877441 -0.000002 -45.019047
#BoundingBoxExtents 0.500000 0.500000 0.500000

#Name creature/deathwing/deathwing_bone_116 16
#ParentName creature/deathwing/deathwing_ 1
#Class Dummy
#Node_TM
	#TM_ROW0 1.000000  0.000000  0.000000  0.000000
	#TM_ROW1 0.000000  -0.000000  -1.000000  0.000000
	#TM_ROW2 0.000000  1.000000  -0.000000  0.000000
	#TM_ROW3 3.699639  -0.000005  -122.534904  1.000000
	#TM_POS 3.699639 122.534904  -0.000000
	#TM_ROTQUAT -0.000000 -0.000000 -0.000000 1.000000
	#TM_SCALEQUAT -0.000000 -0.000000 -0.000000 1.000000
	#TM_SCALE 1.000000 1.000000 1.000000
#BoundingBoxCenter 3.699639 -0.000005 -122.534904
#BoundingBoxExtents 0.500000 0.500000 0.500000

#Name creature/deathwing/deathwing_bone_117 17
#ParentName creature/deathwing/deathwing_ 1
#Class Dummy
#Node_TM
	#TM_ROW0 1.000000  0.000000  0.000000  0.000000
	#TM_ROW1 0.000000  -0.000000  -1.000000  0.000000
	#TM_ROW2 0.000000  1.000000  -0.000000  0.000000
	#TM_ROW3 0.096940  763.889404  -0.000033  1.000000
	#TM_POS 0.096940 0.000000  763.889404
	#TM_ROTQUAT -0.000000 -0.000000 -0.000000 1.000000
	#TM_SCALEQUAT -0.000000 -0.000000 -0.000000 1.000000
	#TM_SCALE 1.000000 1.000000 1.000000
#BoundingBoxCenter 0.096940 763.889404 -0.000033
#BoundingBoxExtents 0.500000 0.500000 0.500000

#Name creature/deathwing/deathwing_bone_118 18
#ParentName creature/deathwing/deathwing_ 1
#Class Dummy
#Node_TM
	#TM_ROW0 1.000000  0.000000  0.000000  0.000000
	#TM_ROW1 0.000000  -0.000000  -1.000000  0.000000
	#TM_ROW2 0.000000  1.000000  -0.000000  0.000000
	#TM_ROW3 0.000000  0.000000  0.000000  1.000000
	#TM_POS 0.000000 0.000000  0.000000
	#TM_ROTQUAT -0.000000 -0.000000 -0.000000 1.000000
	#TM_SCALEQUAT -0.000000 -0.000000 -0.000000 1.000000
	#TM_SCALE 1.000000 1.000000 1.000000
#BoundingBoxCenter 0.000000 0.000000 0.000000
#BoundingBoxExtents 0.500000 0.500000 0.500000

#Name creature/deathwing/deathwing_bone_1 19
#ParentName creature/deathwing/deathwing_bone_0 2
#Class Dummy
#Node_TM
	#TM_ROW0 0.982917  -0.182760  -0.021740  0.000000
	#TM_ROW1 -0.022099  0.000073  -0.999756  0.000000
	#TM_ROW2 0.182717  0.983158  -0.003967  0.000000
	#TM_ROW3 -124.053177  -225.551437  28.036369  1.000000
	#TM_POS -62.110504 -0.425577  -22.920349
	#TM_ROTQUAT 0.002533 0.045258 0.004547 0.998962
	#TM_SCALEQUAT 0.000035 -0.017746 -0.003918 0.999835
	#TM_SCALE 1.000000 1.000000 1.000000
#BoundingBoxCenter -124.053177 -225.551437 28.036369
#BoundingBoxExtents 0.593864 0.582993 0.512732

#Name creature/deathwing/deathwing_bone_2 20
#ParentName creature/deathwing/deathwing_bone_0 2
#Class Dummy
#Node_TM
	#TM_ROW0 0.919479  -0.393101  -0.005499  0.000000
	#TM_ROW1 -0.008626  -0.006189  -0.999944  0.000000
	#TM_ROW2 0.393045  0.919474  -0.009082  0.000000
	#TM_ROW3 2.401733  -208.414215  25.760170  1.000000
	#TM_POS 62.219166 0.000000  5.918304
	#TM_ROTQUAT 0.000641 0.154786 -0.002502 0.987945
	#TM_SCALEQUAT -0.001483 0.091758 0.000000 0.995780
	#TM_SCALE 1.000000 1.000000 1.000000
#BoundingBoxCenter 2.401733 -208.414215 25.760170
#BoundingBoxExtents 0.660575 0.659378 0.507263

#Name creature/deathwing/deathwing_bone_3 21
#ParentName creature/deathwing/deathwing_bone_0 2
#Class Dummy
#Node_TM
	#TM_ROW0 0.995571  -0.093083  -0.013156  0.000000
	#TM_ROW1 -0.013792  -0.006200  -0.999885  0.000000
	#TM_ROW2 0.092991  0.995639  -0.007457  0.000000
	#TM_ROW3 -39.528976  -365.677429  27.313747  1.000000
	#TM_POS 35.092308 0.000000  -154.569855
	#TM_ROTQUAT 0.000000 -0.000000 -0.000000 1.000000
	#TM_SCALEQUAT -0.001932 -0.006250 0.000317 0.999979
	#TM_SCALE 1.000000 1.000000 1.000000
#BoundingBoxCenter -39.528976 -365.677429 27.313747
#BoundingBoxExtents 0.551178 0.547455 0.510248

#Name creature/deathwing/deathwing_bone_4 22
#ParentName creature/deathwing/deathwing_bone_1 19
#Class Dummy
#Node_TM
	#TM_ROW0 0.999753  -0.021516  -0.005583  0.000000
	#TM_ROW1 -0.005369  0.010007  -0.999935  0.000000
	#TM_ROW2 0.021570  0.999719  0.009889  0.000000
	#TM_ROW3 -236.734894  -269.835327  30.523912  1.000000
	#TM_POS -102.717590 -0.000002  -64.136765
	#TM_ROTQUAT 0.005798 -0.081086 -0.007813 0.996660
	#TM_SCALEQUAT 0.000000 0.032225 0.000125 0.999481
	#TM_SCALE 1.000000 1.000000 1.000000
#BoundingBoxCenter -236.734894 -269.835327 30.523912
#BoundingBoxExtents 0.513351 0.515625 0.507704

#Name creature/deathwing/deathwing_bone_5 23
#ParentName creature/deathwing/deathwing_bone_1 19
#Class Dummy
#Node_TM
	#TM_ROW0 0.819676  -0.564069  -0.099792  0.000000
	#TM_ROW1 0.122451  0.342721  -0.931423  0.000000
	#TM_ROW2 0.559587  0.751245  0.349991  0.000000
	#TM_ROW3 -131.752869  -268.931671  121.782120  1.000000
	#TM_POS -1.678024 -93.555893  -44.428391
	#TM_ROTQUAT 0.189056 0.211029 0.000949 0.959022
	#TM_SCALEQUAT -0.000000 -0.029175 -0.014322 0.999472
	#TM_SCALE 1.000000 1.000001 1.000001
#BoundingBoxCenter -131.752869 -268.931671 121.782120
#BoundingBoxExtents 0.750854 0.829010 0.690605

#Name creature/deathwing/deathwing_bone_6 24
#ParentName creature/deathwing/deathwing_bone_1 19
#Class Dummy
#Node_TM
	#TM_ROW0 0.998681  0.051152  0.004260  0.000000
	#TM_ROW1 0.003650  0.012004  -0.999921  0.000000
	#TM_ROW2 -0.051199  0.998619  0.011802  0.000000
	#TM_ROW3 -292.937744  -287.339569  30.666388  1.000000
	#TM_POS -154.764359 1.098316  -91.615982
	#TM_ROTQUAT 0.006805 -0.117281 -0.012451 0.992997
	#TM_SCALEQUAT -0.001369 -0.067230 0.004365 0.997727
	#TM_SCALE 1.000000 1.000000 1.000000
#BoundingBoxCenter -292.937744 -287.339569 30.666388
#BoundingBoxExtents 0.526764 0.530884 0.507992

#Name creature/deathwing/deathwing_bone_7 25
#ParentName creature/deathwing/deathwing_bone_1 19
#Class Dummy
#Node_TM
	#TM_ROW0 0.997597  -0.062112  0.030688  0.000000
	#TM_ROW1 0.032931  0.035404  -0.998830  0.000000
	#TM_ROW2 0.060953  0.997441  0.037364  0.000000
	#TM_ROW3 -348.666534  -314.389130  30.120960  1.000000
	#TM_POS -204.585770 2.873196  -128.390396
	#TM_ROTQUAT 0.020904 -0.061218 -0.025147 0.997589
	#TM_SCALEQUAT -0.000000 -0.002228 0.003923 0.999990
	#TM_SCALE 1.000000 1.000000 1.000000
#BoundingBoxCenter -348.666534 -314.389130 30.120960
#BoundingBoxExtents 0.545746 0.547485 0.533442

#Name creature/deathwing/deathwing_bone_8 26
#ParentName creature/deathwing/deathwing_bone_1 19
#Class Dummy
#Node_TM
	#TM_ROW0 0.995633  -0.018701  0.091461  0.000000
	#TM_ROW1 0.092519  0.067006  -0.993454  0.000000
	#TM_ROW2 0.012450  0.997578  0.068444  0.000000
	#TM_ROW3 -409.066528  -343.150940  27.293968  1.000000
	#TM_POS -258.635986 7.032187  -167.692673
	#TM_ROTQUAT 0.039064 -0.084170 -0.053743 0.994234
	#TM_SCALEQUAT -0.032935 -0.032935 0.000000 0.998915
	#TM_SCALE 1.000000 1.000000 1.000000
#BoundingBoxCenter -409.066528 -343.150940 27.293968
#BoundingBoxExtents 0.550293 0.541656 0.576679

#Name creature/deathwing/deathwing_bone_9 27
#ParentName creature/deathwing/deathwing_bone_1 19
#Class Dummy
#Node_TM
	#TM_ROW0 0.977375  -0.017805  0.210763  0.000000
	#TM_ROW1 0.211513  0.084633  -0.973704  0.000000
	#TM_ROW2 -0.000500  0.996253  0.086484  0.000000
	#TM_ROW3 -469.703247  -369.033600  19.907564  1.000000
	#TM_POS -313.345947 15.754920  -204.189468
	#TM_ROTQUAT 0.053650 -0.087190 -0.112794 0.988330
	#TM_SCALEQUAT 0.006509 -0.000000 -0.015042 0.999866
	#TM_SCALE 1.000000 1.000000 1.000000
#BoundingBoxCenter -469.703247 -369.033600 19.907564
#BoundingBoxExtents 0.594696 0.549347 0.635475

#Name creature/deathwing/deathwing_bone_10 28
#ParentName creature/deathwing/deathwing_bone_1 19
#Class Dummy
#Node_TM
	#TM_ROW0 0.925849  -0.132975  0.353724  0.000000
	#TM_ROW1 0.362549  0.048535  -0.930700  0.000000
	#TM_ROW2 0.106592  0.989930  0.093146  0.000000
	#TM_ROW3 -531.647461  -378.973694  5.728249  1.000000
	#TM_POS -372.107117 31.298962  -225.224167
	#TM_ROTQUAT 0.054353 -0.029389 -0.189245 0.979984
	#TM_SCALEQUAT 0.000000 0.007818 -0.000244 0.999969
	#TM_SCALE 1.000000 1.000000 1.000000
#BoundingBoxCenter -531.647461 -378.973694 5.728249
#BoundingBoxExtents 0.697510 0.585724 0.688785

#Name creature/deathwing/deathwing_bone_11 29
#ParentName creature/deathwing/deathwing_bone_1 19
#Class Dummy
#Node_TM
	#TM_ROW0 0.851400  -0.149336  0.502809  0.000000
	#TM_ROW1 0.513357  0.040553  -0.857216  0.000000
	#TM_ROW2 0.107623  0.987955  0.111189  0.000000
	#TM_ROW3 -591.313477  -373.962280  -17.232037  1.000000
	#TM_POS -431.170593 55.572571  -231.108047
	#TM_ROTQUAT 0.065218 -0.021851 -0.270026 0.960393
	#TM_SCALEQUAT -0.074526 -0.008953 -0.022045 0.996935
	#TM_SCALE 1.000000 1.000000 1.000001
#BoundingBoxCenter -591.313477 -373.962280 -17.232037
#BoundingBoxExtents 0.736206 0.588928 0.735607

#Name creature/deathwing/deathwing_bone_12 30
#ParentName creature/deathwing/deathwing_bone_1 19
#Class Dummy
#Node_TM
	#TM_ROW0 0.736894  -0.279888  0.615345  0.000000
	#TM_ROW1 0.660034  0.101177  -0.744391  0.000000
	#TM_ROW2 0.146088  0.954686  0.259292  0.000000
	#TM_ROW3 -643.624878  -363.748413  -48.081436  1.000000
	#TM_POS -483.784424 87.571228  -230.501999
	#TM_ROTQUAT 0.130556 0.028630 -0.343715 0.929514
	#TM_SCALEQUAT -0.019437 -0.087713 -0.020225 0.995751
	#TM_SCALE 1.000000 1.000000 1.000000
#BoundingBoxCenter -643.624878 -363.748413 -48.081436
#BoundingBoxExtents 0.771484 0.667877 0.809513

#Name creature/deathwing/deathwing_bone_13 31
#ParentName creature/deathwing/deathwing_bone_1 19
#Class Dummy
#Node_TM
	#TM_ROW0 0.628626  -0.403148  0.665058  0.000000
	#TM_ROW1 0.690823  -0.103310  -0.715604  0.000000
	#TM_ROW2 0.357201  0.909285  0.213560  0.000000
	#TM_ROW3 -685.056824  -350.649048  -82.696793  1.000000
	#TM_POS -526.150024 123.094696  -225.056229
	#TM_ROTQUAT 0.068121 0.127140 -0.381158 0.913189
	#TM_SCALEQUAT 0.056685 0.051804 0.031005 0.996565
	#TM_SCALE 1.000000 1.000000 1.000000
#BoundingBoxCenter -685.056824 -350.649048 -82.696793
#BoundingBoxExtents 0.838318 0.707886 0.797112

#Name creature/deathwing/deathwing_bone_14 32
#ParentName creature/deathwing/deathwing_bone_1 19
#Class Dummy
#Node_TM
	#TM_ROW0 0.531797  -0.488643  0.691679  0.000000
	#TM_ROW1 0.754153  -0.098328  -0.649295  0.000000
	#TM_ROW2 0.385285  0.866925  0.316222  0.000000
	#TM_ROW3 -737.721436  -323.876038  -141.468231  1.000000
	#TM_POS -581.530396 183.017578  -208.123703
	#TM_ROTQUAT 0.103741 0.168831 -0.415940 0.887540
	#TM_SCALEQUAT 0.058601 0.062371 0.168257 0.982021
	#TM_SCALE 1.000000 1.000000 1.000000
#BoundingBoxCenter -737.721436 -323.876038 -141.468231
#BoundingBoxExtents 0.835632 0.726959 0.828598

#Name creature/deathwing/deathwing_bone_15 33
#ParentName creature/deathwing/deathwing_bone_1 19
#Class Dummy
#Node_TM
	#TM_ROW0 0.717066  -0.580015  -0.386522  0.000000
	#TM_ROW1 -0.343346  0.188657  -0.920066  0.000000
	#TM_ROW2 0.606573  0.792459  -0.063867  0.000000
	#TM_ROW3 -135.887466  -268.918182  -65.283875  1.000000
	#TM_POS -1.677628 93.555862  -44.428452
	#TM_ROTQUAT 0.019897 0.233465 0.189427 0.953528
	#TM_SCALEQUAT 0.000000 0.050472 0.059976 0.996923
	#TM_SCALE 1.000000 1.000000 1.000000
#BoundingBoxCenter -135.887466 -268.918182 -65.283875
#BoundingBoxExtents 0.833496 0.780579 0.685226

#Name creature/deathwing/deathwing_bone_119 34
#ParentName creature/deathwing/deathwing_bone_1 19
#Class Dummy
#Node_TM
	#TM_ROW0 0.982917  -0.182760  -0.021740  0.000000
	#TM_ROW1 -0.022099  0.000073  -0.999756  0.000000
	#TM_ROW2 0.182717  0.983158  -0.003967  0.000000
	#TM_ROW3 -261.484467  -353.124146  31.064934  1.000000
	#TM_POS -111.834274 -0.000006  -150.547104
	#TM_ROTQUAT 0.000000 -0.000000 -0.000000 1.000000
	#TM_SCALEQUAT -0.000148 -0.031084 0.001796 0.999515
	#TM_SCALE 1.000000 1.000000 1.000000
#BoundingBoxCenter -261.484467 -353.124146 31.064934
#BoundingBoxExtents 0.593872 0.583008 0.512732

#Name creature/deathwing/deathwing_bone_16 35
#ParentName creature/deathwing/deathwing_bone_2 20
#Class Dummy
#Node_TM
	#TM_ROW0 0.980759  -0.195145  -0.005429  0.000000
	#TM_ROW1 -0.006755  -0.006130  -0.999958  0.000000
	#TM_ROW2 0.195104  0.980755  -0.007330  0.000000
	#TM_ROW3 64.899155  -208.256210  25.220051  1.000000
	#TM_POS 57.405914 -0.000006  24.714478
	#TM_ROTQUAT 0.000305 -0.103608 -0.000885 0.994618
	#TM_SCALEQUAT -0.000519 0.018673 0.000000 0.999826
	#TM_SCALE 1.000000 1.000000 1.000000
#BoundingBoxCenter 64.899155 -208.256210 25.220051
#BoundingBoxExtents 0.591309 0.591019 0.506359

#Name creature/deathwing/deathwing_bone_120 36
#ParentName creature/deathwing/deathwing_bone_2 20
#Class Dummy
#Node_TM
	#TM_ROW0 0.919479  -0.393101  -0.005499  0.000000
	#TM_ROW1 -0.008626  -0.006189  -0.999943  0.000000
	#TM_ROW2 0.393045  0.919474  -0.009082  0.000000
	#TM_ROW3 -80.883011  -472.143250  63.463036  1.000000
	#TM_POS 26.886345 -35.349976  -275.569153
	#TM_ROTQUAT -0.000000 -0.000000 -0.000000 1.000000
	#TM_SCALEQUAT 0.007288 -0.000000 -0.005726 0.999957
	#TM_SCALE 1.000000 1.000000 1.000000
#BoundingBoxCenter -80.883011 -472.143250 63.463036
#BoundingBoxExtents 0.660576 0.659393 0.507263

#Name creature/deathwing/deathwing_bone_17 37
#ParentName creature/deathwing/deathwing_bone_5 23
#Class Dummy
#Node_TM
	#TM_ROW0 0.754074  -0.644049  -0.128740  0.000000
	#TM_ROW1 0.123155  0.331191  -0.935492  0.000000
	#TM_ROW2 0.645140  0.689575  0.329060  0.000000
	#TM_ROW3 -171.835571  -352.325134  91.931168  1.000000
	#TM_POS 17.163681 -5.685028  -95.526184
	#TM_ROTQUAT -0.004639 0.053559 -0.003998 0.998546
	#TM_SCALEQUAT -0.012010 -0.215531 -0.077668 0.973329
	#TM_SCALE 1.000000 1.000000 1.000000
#BoundingBoxCenter -171.835571 -352.325134 91.931168
#BoundingBoxExtents 0.761185 0.832397 0.696648

#Name creature/deathwing/deathwing_bone_18 38
#ParentName creature/deathwing/deathwing_bone_15 33
#Class Dummy
#Node_TM
	#TM_ROW0 0.704936  -0.594684  -0.386546  0.000000
	#TM_ROW1 -0.343333  0.190778  -0.919634  0.000000
	#TM_ROW2 0.620635  0.780997  -0.069688  0.000000
	#TM_ROW3 -183.475433  -353.501312  -71.047333  1.000000
	#TM_POS 17.163513 5.684719  -95.526123
	#TM_ROTQUAT 0.000824 0.009491 0.000702 0.999954
	#TM_SCALEQUAT 0.017527 0.015565 0.012338 0.999649
	#TM_SCALE 1.000000 1.000000 1.000000
#BoundingBoxCenter -183.475433 -353.501312 -71.047333
#BoundingBoxExtents 0.834457 0.783234 0.687935

#Name creature/deathwing/deathwing_bone_19 39
#ParentName creature/deathwing/deathwing_bone_16 35
#Class Dummy
#Node_TM
	#TM_ROW0 0.996951  0.074660  -0.022680  0.000000
	#TM_ROW1 -0.022319  -0.005671  -0.999735  0.000000
	#TM_ROW2 -0.074769  0.997192  -0.003987  0.000000
	#TM_ROW3 134.341309  -207.954086  24.749107  1.000000
	#TM_POS 68.049622 -0.000004  13.848190
	#TM_ROTQUAT -0.000244 -0.135196 0.007782 0.990788
	#TM_SCALEQUAT -0.005179 0.132681 0.005864 0.991128
	#TM_SCALE 1.000000 1.000000 1.000000
#BoundingBoxCenter 134.341309 -207.954086 24.749107
#BoundingBoxExtents 0.547012 0.538757 0.513201

#Name creature/deathwing/deathwing_bone_20 40
#ParentName creature/deathwing/deathwing_bone_16 35
#Class Dummy
#Node_TM
	#TM_ROW0 0.990413  0.096593  0.098749  0.000000
	#TM_ROW1 0.060575  0.338771  -0.938916  0.000000
	#TM_ROW2 -0.124146  0.935897  0.329672  0.000000
	#TM_ROW3 67.405144  -178.239838  -44.428257  1.000000
	#TM_POS -3.021667 69.444489  30.438171
	#TM_ROTQUAT 0.176303 -0.152621 -0.026857 0.972061
	#TM_SCALEQUAT 0.000457 -0.075778 0.007800 0.997094
	#TM_SCALE 1.000000 0.999999 1.000000
#BoundingBoxCenter 67.405144 -178.239838 -44.428257
#BoundingBoxExtents 0.587570 0.685623 0.683670

#Name creature/deathwing/deathwing_bone_21 41
#ParentName creature/deathwing/deathwing_bone_16 35
#Class Dummy
#Node_TM
	#TM_ROW0 0.974681  0.195992  -0.107628  0.000000
	#TM_ROW1 -0.031459  -0.356356  -0.933820  0.000000
	#TM_ROW2 -0.221375  0.913562  -0.341168  0.000000
	#TM_ROW3 68.343285  -177.388351  94.454941  1.000000
	#TM_POS -3.021729 -69.444489  30.438278
	#TM_ROTQUAT -0.178042 -0.201632 0.014558 0.963034
	#TM_SCALEQUAT -0.002208 0.025873 -0.060153 0.997851
	#TM_SCALE 1.000000 1.000000 0.999999
#BoundingBoxCenter 68.343285 -177.388351 94.454941
#BoundingBoxExtents 0.613754 0.732956 0.691307

#Name creature/deathwing/deathwing_bone_22 42
#ParentName creature/deathwing/deathwing_bone_16 35
#Class Dummy
#Node_TM
	#TM_ROW0 0.996951  0.074660  -0.022680  0.000000
	#TM_ROW1 -0.022319  -0.005671  -0.999735  0.000000
	#TM_ROW2 -0.074769  0.997192  -0.003987  0.000000
	#TM_ROW3 134.341309  -207.954086  24.749107  1.000000
	#TM_POS 68.049622 -0.000004  13.848190
	#TM_ROTQUAT -0.000244 -0.135196 0.007782 0.990788
	#TM_SCALEQUAT -0.005179 0.132681 0.005864 0.991128
	#TM_SCALE 1.000000 1.000000 1.000000
#BoundingBoxCenter 134.341309 -207.954086 24.749107
#BoundingBoxExtents 0.547012 0.538757 0.513201

#Name creature/deathwing/deathwing_bone_121 43
#ParentName creature/deathwing/deathwing_bone_16 35
#Class Dummy
#Node_TM
	#TM_ROW0 0.980759  -0.195145  -0.005429  0.000000
	#TM_ROW1 -0.006755  -0.006130  -0.999958  0.000000
	#TM_ROW2 0.195104  0.980755  -0.007330  0.000000
	#TM_ROW3 32.140991  -215.071335  25.483109  1.000000
	#TM_POS -30.799370 0.000010  -13.077148
	#TM_ROTQUAT -0.000000 -0.000000 -0.000000 1.000000
	#TM_SCALEQUAT 0.002325 0.061220 -0.000000 0.998122
	#TM_SCALE 1.000000 1.000000 1.000000
#BoundingBoxCenter 32.140991 -215.071335 25.483109
#BoundingBoxExtents 0.591309 0.591019 0.506359

#Name creature/deathwing/deathwing_bone_122 44
#ParentName creature/deathwing/deathwing_bone_16 35
#Class Dummy
#Node_TM
	#TM_ROW0 0.980759  -0.195145  -0.005429  0.000000
	#TM_ROW1 -0.006755  -0.006130  -0.999958  0.000000
	#TM_ROW2 0.195104  0.980755  -0.007330  0.000000
	#TM_ROW3 32.140991  -215.071335  25.483109  1.000000
	#TM_POS -30.799370 0.000010  -13.077148
	#TM_ROTQUAT -0.000000 -0.000000 -0.000000 1.000000
	#TM_SCALEQUAT 0.002325 0.061220 -0.000000 0.998122
	#TM_SCALE 1.000000 1.000000 1.000000
#BoundingBoxCenter 32.140991 -215.071335 25.483109
#BoundingBoxExtents 0.591309 0.591019 0.506359

#Name creature/deathwing/deathwing_bone_123 45
#ParentName creature/deathwing/deathwing_bone_16 35
#Class Dummy
#Node_TM
	#TM_ROW0 0.980759  -0.195145  -0.005429  0.000000
	#TM_ROW1 -0.006755  -0.006130  -0.999958  0.000000
	#TM_ROW2 0.195104  0.980755  -0.007330  0.000000
	#TM_ROW3 32.140991  -215.071335  25.483109  1.000000
	#TM_POS -30.799370 0.000010  -13.077148
	#TM_ROTQUAT -0.000000 -0.000000 -0.000000 1.000000
	#TM_SCALEQUAT 0.002325 0.061220 -0.000000 0.998122
	#TM_SCALE 1.000000 1.000000 1.000000
#BoundingBoxCenter 32.140991 -215.071335 25.483109
#BoundingBoxExtents 0.591309 0.591019 0.506359

#Name creature/deathwing/deathwing_bone_124 46
#ParentName creature/deathwing/deathwing_bone_16 35
#Class Dummy
#Node_TM
	#TM_ROW0 0.980759  -0.195145  -0.005429  0.000000
	#TM_ROW1 -0.006755  -0.006130  -0.999958  0.000000
	#TM_ROW2 0.195104  0.980755  -0.007330  0.000000
	#TM_ROW3 32.140991  -215.071335  25.483109  1.000000
	#TM_POS -30.799370 0.000010  -13.077148
	#TM_ROTQUAT -0.000000 -0.000000 -0.000000 1.000000
	#TM_SCALEQUAT 0.002325 0.061220 -0.000000 0.998122
	#TM_SCALE 1.000000 1.000000 1.000000
#BoundingBoxCenter 32.140991 -215.071335 25.483109
#BoundingBoxExtents 0.591309 0.591019 0.506359

#Name creature/deathwing/deathwing_bone_23 47
#ParentName creature/deathwing/deathwing_bone_17 37
#Class Dummy
#Node_TM
	#TM_ROW0 0.819717  -0.564003  -0.099824  0.000000
	#TM_ROW1 0.122439  0.342802  -0.931394  0.000000
	#TM_ROW2 0.559529  0.751258  0.350057  0.000000
	#TM_ROW3 -267.032410  -333.441010  97.684685  1.000000
	#TM_POS -84.688477 -10.852127  -46.499969
	#TM_ROTQUAT 0.004669 -0.053590 0.004028 0.998544
	#TM_SCALEQUAT -0.035629 -0.064827 -0.077809 0.994220
	#TM_SCALE 1.000000 1.000000 1.000000
#BoundingBoxCenter -267.032410 -333.441010 97.684685
#BoundingBoxExtents 0.750854 0.829041 0.690636

#Name creature/deathwing/deathwing_bone_24 48
#ParentName creature/deathwing/deathwing_bone_18 38
#Class Dummy
#Node_TM
	#TM_ROW0 0.717082  -0.579956  -0.386581  0.000000
	#TM_ROW1 -0.343352  0.188741  -0.920047  0.000000
	#TM_ROW2 0.606550  0.792483  -0.063786  0.000000
	#TM_ROW3 -275.760742  -337.384399  -45.051151  1.000000
	#TM_POS -84.688324 10.852386  -46.499908
	#TM_ROTQUAT -0.000793 -0.009522 -0.000671 0.999954
	#TM_SCALEQUAT -0.000000 -0.000000 -0.000000 1.000000
	#TM_SCALE 1.000000 1.000000 1.000000
#BoundingBoxCenter -275.760742 -337.384399 -45.051151
#BoundingBoxExtents 0.833496 0.780579 0.685207

#Name creature/deathwing/deathwing_bone_25 49
#ParentName creature/deathwing/deathwing_bone_19 39
#Class Dummy
#Node_TM
	#TM_ROW0 0.790091  -0.612465  -0.025352  0.000000
	#TM_ROW1 -0.035630  -0.004597  -0.999355  0.000000
	#TM_ROW2 0.611953  0.790484  -0.025454  0.000000
	#TM_ROW3 203.743195  -209.837936  23.210432  1.000000
	#TM_POS 69.084564 0.000000  -7.061508
	#TM_ROTQUAT -0.001404 0.358737 0.006531 0.933415
	#TM_SCALEQUAT 0.004606 0.109319 -0.001926 0.993994
	#TM_SCALE 1.000000 1.000000 1.000000
#BoundingBoxCenter 203.743195 -209.837936 23.210432
#BoundingBoxExtents 0.718842 0.703766 0.525080

#Name creature/deathwing/deathwing_bone_28 50
#ParentName creature/deathwing/deathwing_bone_20 40
#Class Dummy
#Node_TM
	#TM_ROW0 0.985040  0.158970  0.066520  0.000000
	#TM_ROW1 0.010156  0.331783  -0.943301  0.000000
	#TM_ROW2 -0.172026  0.929864  0.325205  0.000000
	#TM_ROW3 -73.696526  -54.184097  -129.239288  1.000000
	#TM_POS -136.141083 113.109756  105.660919
	#TM_ROTQUAT -0.000244 -0.024231 0.025543 0.999380
	#TM_SCALEQUAT -0.011861 -0.001801 0.015469 0.999808
	#TM_SCALE 1.000000 1.000000 1.000000
#BoundingBoxCenter -73.696526 -54.184097 -129.239288
#BoundingBoxExtents 0.583611 0.710308 0.667511

#Name creature/deathwing/deathwing_bone_29 51
#ParentName creature/deathwing/deathwing_bone_21 41
#Class Dummy
#Node_TM
	#TM_ROW0 0.963182  0.257872  -0.076041  0.000000
	#TM_ROW1 0.018100  -0.344395  -0.938650  0.000000
	#TM_ROW2 -0.268240  0.902714  -0.336383  0.000000
	#TM_ROW3 -84.185570  -67.238129  178.682785  1.000000
	#TM_POS -136.143784 -113.108002  105.659492
	#TM_ROTQUAT 0.000183 -0.024170 -0.025604 0.999380
	#TM_SCALEQUAT 0.028219 0.013758 0.028487 0.999101
	#TM_SCALE 1.000000 1.000000 1.000000
#BoundingBoxCenter -84.185570 -67.238129 178.682785
#BoundingBoxExtents 0.624763 0.752487 0.675537

#Name creature/deathwing/deathwing_bone_26 52
#ParentName creature/deathwing/deathwing_bone_22 42
#Class Dummy
#Node_TM
	#TM_ROW0 0.748017  -0.578701  -0.324922  0.000000
	#TM_ROW1 -0.130079  0.352244  -0.926824  0.000000
	#TM_ROW2 0.650807  0.735546  0.188208  0.000000
	#TM_ROW3 120.910248  -260.013428  105.588280  1.000000
	#TM_POS -19.110283 -80.222786  -51.231323
	#TM_ROTQUAT 0.156800 0.365210 0.108036 0.911243
	#TM_SCALEQUAT 0.010430 0.202612 -0.122603 0.971498
	#TM_SCALE 1.000000 1.000000 1.000000
#BoundingBoxCenter 120.910248 -260.013428 105.588280
#BoundingBoxExtents 0.764450 0.833252 0.719978

#Name creature/deathwing/deathwing_bone_27 53
#ParentName creature/deathwing/deathwing_bone_22 42
#Class Dummy
#Node_TM
	#TM_ROW0 0.748138  -0.640752  0.172417  0.000000
	#TM_ROW1 0.051108  -0.203426  -0.977755  0.000000
	#TM_ROW2 0.661573  0.740307  -0.119443  0.000000
	#TM_ROW3 119.825012  -260.993042  -55.261223  1.000000
	#TM_POS -16.617294 80.613907  -51.485718
	#TM_ROTQUAT -0.082701 0.385409 -0.066378 0.916632
	#TM_SCALEQUAT -0.000000 -0.000000 -0.000000 1.000000
	#TM_SCALE 1.000000 1.000000 1.000000
#BoundingBoxCenter 119.825012 -260.993042 -55.261223
#BoundingBoxExtents 0.730408 0.792236 0.634808

#Name creature/deathwing/deathwing_bone_125 54
#ParentName creature/deathwing/deathwing_bone_22 42
#Class Dummy
#Node_TM
	#TM_ROW0 0.996951  0.074660  -0.022680  0.000000
	#TM_ROW1 -0.022319  -0.005671  -0.999735  0.000000
	#TM_ROW2 -0.074769  0.997193  -0.003987  0.000000
	#TM_ROW3 104.250786  -128.565186  24.970280  1.000000
	#TM_POS -24.076630 0.000263  81.415039
	#TM_ROTQUAT -0.000000 0.000000 -0.000000 1.000000
	#TM_SCALEQUAT -0.000000 -0.015622 -0.005058 0.999865
	#TM_SCALE 1.000000 1.000000 1.000000
#BoundingBoxCenter 104.250786 -128.565186 24.970280
#BoundingBoxExtents 0.547020 0.538757 0.513201

#Name creature/deathwing/deathwing_bone_30 55
#ParentName creature/deathwing/deathwing_bone_23 47
#Class Dummy
#Node_TM
	#TM_ROW0 0.536568  -0.803413  -0.258115  0.000000
	#TM_ROW1 -0.009206  0.300284  -0.953806  0.000000
	#TM_ROW2 0.843807  0.514158  0.153726  0.000000
	#TM_ROW3 -307.109344  -416.834717  67.826897  1.000000
	#TM_POS 17.163040 -5.685135  -95.526245
	#TM_ROTQUAT -0.063904 0.199525 0.028747 0.977384
	#TM_SCALEQUAT 0.051797 0.104305 -0.011561 0.993128
	#TM_SCALE 1.000000 1.000000 1.000000
#BoundingBoxCenter -307.109344 -416.834717 67.826897
#BoundingBoxExtents 0.694794 0.808929 0.682823

#Name creature/deathwing/deathwing_bone_31 56
#ParentName creature/deathwing/deathwing_bone_24 48
#Class Dummy
#Node_TM
	#TM_ROW0 0.447669  -0.874568  0.186341  0.000000
	#TM_ROW1 -0.244133  -0.320010  -0.915419  0.000000
	#TM_ROW2 0.860228  0.364313  -0.356770  0.000000
	#TM_ROW3 -323.346985  -421.967957  -50.822830  1.000000
	#TM_POS 17.162689 5.684692  -95.526215
	#TM_ROTQUAT -0.119684 0.262785 -0.229889 0.929393
	#TM_SCALEQUAT 0.031594 0.108102 0.019022 0.993456
	#TM_SCALE 1.000000 1.000000 1.000000
#BoundingBoxCenter -323.346985 -421.967957 -50.822830
#BoundingBoxExtents 0.776001 0.779449 0.729263

#Name creature/deathwing/deathwing_bone_32 57
#ParentName creature/deathwing/deathwing_bone_25 49
#Class Dummy
#Node_TM
	#TM_ROW0 0.807587  -0.588836  -0.032791  0.000000
	#TM_ROW1 -0.045401  -0.006639  -0.998947  0.000000
	#TM_ROW2 0.587998  0.808225  -0.032095  0.000000
	#TM_ROW3 279.856995  -215.731491  20.523872  1.000000
	#TM_POS 63.814575 -0.000002  41.987717
	#TM_ROTQUAT -0.003754 -0.014802 0.003296 0.999878
	#TM_SCALEQUAT 0.005358 0.019935 -0.000000 0.999787
	#TM_SCALE 1.000000 1.000000 1.000000
#BoundingBoxCenter 279.856995 -215.731491 20.523872
#BoundingBoxExtents 0.720490 0.701843 0.531916

#Name creature/deathwing/deathwing_bone_33 58
#ParentName creature/deathwing/deathwing_bone_25 49
#Class Dummy
#Node_TM
	#TM_ROW0 0.789942  -0.612658  -0.025345  0.000000
	#TM_ROW1 -0.035630  -0.004597  -0.999355  0.000000
	#TM_ROW2 0.612146  0.790334  -0.025460  0.000000
	#TM_ROW3 229.861526  -293.040283  22.550970  1.000000
	#TM_POS 71.611145 0.110916  -49.770203
	#TM_ROTQUAT -0.000000 0.000122 -0.000000 1.000000
	#TM_SCALEQUAT 0.000733 -0.000054 -0.003418 0.999994
	#TM_SCALE 1.000000 1.000000 1.000000
#BoundingBoxCenter 229.861526 -293.040283 22.550970
#BoundingBoxExtents 0.718857 0.703796 0.525080

#Name creature/deathwing/deathwing_bone_36 59
#ParentName creature/deathwing/deathwing_bone_28 50
#Class Dummy
#Node_TM
	#TM_ROW0 0.719066  -0.203193  0.664573  0.000000
	#TM_ROW1 0.651608  -0.135272  -0.746397  0.000000
	#TM_ROW2 0.241561  0.969748  0.035133  0.000000
	#TM_ROW3 60.981331  210.402664  -242.570496  1.000000
	#TM_POS 167.185547 196.058777  186.006073
	#TM_ROTQUAT -0.213772 0.136009 -0.348417 0.902446
	#TM_SCALEQUAT 0.024932 -0.047832 0.198619 0.978591
	#TM_SCALE 1.000000 1.000000 1.000000
#BoundingBoxCenter 60.981331 210.402664 -242.570496
#BoundingBoxExtents 0.806118 0.654114 0.723053

#Name creature/deathwing/deathwing_bone_37 60
#ParentName creature/deathwing/deathwing_bone_29 51
#Class Dummy
#Node_TM
	#TM_ROW0 0.735990  -0.146209  -0.661017  0.000000
	#TM_ROW1 -0.659730  0.064191  -0.748756  0.000000
	#TM_ROW2 0.151906  0.987168  -0.049214  0.000000
	#TM_ROW3 23.397293  211.307220  287.433411  1.000000
	#TM_POS 167.181458 -196.061264  186.007355
	#TM_ROTQUAT 0.215489 0.141756 0.345223 0.902381
	#TM_SCALEQUAT 0.007777 0.028079 -0.089535 0.995557
	#TM_SCALE 1.000000 1.000000 1.000000
#BoundingBoxCenter 23.397293 211.307220 287.433411
#BoundingBoxExtents 0.773813 0.598785 0.729492

#Name creature/deathwing/deathwing_bone_34 61
#ParentName creature/deathwing/deathwing_bone_26 52
#Class Dummy
#Node_TM
	#TM_ROW0 0.994950  -0.049943  -0.087064  0.000000
	#TM_ROW1 -0.034701  0.642770  -0.765272  0.000000
	#TM_ROW2 0.094182  0.764429  0.637791  0.000000
	#TM_ROW3 0.237976  -335.672913  136.912872  1.000000
	#TM_POS -56.658783 -39.986145  -128.289856
	#TM_ROTQUAT 0.171483 -0.314310 0.022217 0.933439
	#TM_SCALEQUAT -0.113536 0.045461 0.000000 0.992493
	#TM_SCALE 1.000000 1.000000 1.000000
#BoundingBoxCenter 0.237976 -335.672913 136.912872
