**********ZXCS_Header**********
#SkinExporter V1.2
#Sun Jan  6 05:00:55 2019
#Materials 3
#Nodes 58
#Vertices 13505
#Triangles 10534
#Subset 58

**********Materials**********
#Name SWATguy
#Diffuse: 0.588235 0.588235 0.588235
#Specular: 0.900000 0.900000 0.900000
#Ambient: 0.588235 0.588235 0.588235
#Shininess: 0.100000
#MapNum 4
#SubMtlNum 0
		#MapSubNO 1	#TexFile swat_diff.dds
		#MapSubNO 2	#TexFile swat_spec.dds
		#MapSubNO 3	#TexFile swat_spec.dds
		#MapSubNO 8	#TexFile swat_normal.dds

#Name gun
#Diffuse: 0.588235 0.588235 0.588235
#Specular: 0.900000 0.900000 0.900000
#Ambient: 0.588235 0.588235 0.588235
#Shininess: 0.100000
#MapNum 4
#SubMtlNum 0
		#MapSubNO 1	#TexFile gun_diff.dds
		#MapSubNO 2	#TexFile gun_spec.dds
		#MapSubNO 3	#TexFile gun_spec.dds
		#MapSubNO 8	#TexFile gun_normal.dds

#Name goggles
#Diffuse: 0.588235 0.588235 0.588235
#Specular: 0.900000 0.900000 0.900000
#Ambient: 0.588235 0.588235 0.588235
#Shininess: 0.100000
#MapNum 4
#SubMtlNum 0
		#MapSubNO 1	#TexFile goggles_diff.dds
		#MapSubNO 2	#TexFile goggles_spec.dds
		#MapSubNO 3	#TexFile goggles_spec.dds
		#MapSubNO 8	#TexFile goggles.normal.dds

**********Nodes**********
#Name LOWmesh 0
#ParentName NONE -1
#Class Mesh
#Node_TM
	#TM_ROW0 3.323003  0.000000  0.000000  0.000000
	#TM_ROW1 0.000000  -0.000000  -3.323003  0.000000
	#TM_ROW2 0.000000  3.323003  -0.000000  0.000000
	#TM_ROW3 0.000000  22.939190  -0.000001  1.000000
	#TM_POS 0.000000 22.939190  -0.000001
	#TM_ROTQUAT -0.707107 -0.000000 -0.000000 0.707107
	#TM_SCALEQUAT -0.000000 -0.000000 -0.000000 1.000000
	#TM_SCALE 3.323003 3.323003 3.323003
#BoundingBoxCenter 0.113118 22.924465 -0.280495
#BoundingBoxExtents 23.080143 23.136738 4.649004

#Name Box01 1
#ParentName NONE -1
#Class Mesh
#Node_TM
	#TM_ROW0 3.323003  0.000000  0.000000  0.000000
	#TM_ROW1 0.000000  3.323003  0.000000  0.000000
	#TM_ROW2 0.000000  0.000000  3.323003  0.000000
	#TM_ROW3 -13.257065  28.348642  -2.786129  1.000000
	#TM_POS -13.257065 28.348642  -2.786129
	#TM_ROTQUAT -0.000000 -0.000000 -0.000000 1.000000
	#TM_SCALEQUAT -0.000000 -0.000000 -0.000000 1.000000
	#TM_SCALE 3.323003 3.323003 3.323003
#BoundingBoxCenter -13.257065 28.276157 -3.052449
#BoundingBoxExtents 0.829102 2.703640 10.959846

#Name Plane01 2
#ParentName NONE -1
#Class Mesh
#Node_TM
	#TM_ROW0 1.000000  0.000000  0.000000  0.000000
	#TM_ROW1 0.000000  1.000000  0.000000  0.000000
	#TM_ROW2 0.000000  0.000000  1.000000  0.000000
	#TM_ROW3 0.000000  0.000000  0.000000  1.000000
	#TM_POS 0.000000 0.000000  0.000000
	#TM_ROTQUAT -0.000000 -0.000000 -0.000000 1.000000
	#TM_SCALEQUAT -0.000000 -0.000000 -0.000000 1.000000
	#TM_SCALE 1.000000 1.000000 1.000000
#BoundingBoxCenter 0.000000 0.000000 0.000000
#BoundingBoxExtents 48.346619 0.000000 62.730736

#Name SWAT 3
#ParentName NONE -1
#Class Mesh
#Node_TM
	#TM_ROW0 0.000001  0.000000  -1.000000  0.000000
	#TM_ROW1 0.000000  1.000000  0.000000  0.000000
	#TM_ROW2 1.000000  0.000000  0.000001  0.000000
	#TM_ROW3 0.000000  24.159035  -0.000000  1.000000
	#TM_POS 0.000000 24.159035  -0.000000
	#TM_ROTQUAT -0.000000 0.707106 -0.000000 0.707107
	#TM_SCALEQUAT -0.000000 -0.000000 -0.000000 1.000000
	#TM_SCALE 1.000000 1.000000 1.000000
#BoundingBoxCenter 0.000000 24.159035 0.000000
#BoundingBoxExtents 0.899051 0.899050 0.899051

#Name SWATPelvis 4
#ParentName SWAT 3
#Class Mesh
#Node_TM
	#TM_ROW0 -0.000001  1.000000  -0.000000  0.000000
	#TM_ROW1 1.000000  0.000001  0.000003  0.000000
	#TM_ROW2 0.000003  0.000000  -1.000000  0.000000
	#TM_ROW3 0.000000  24.159035  -0.000000  1.000000
	#TM_POS 0.000000 0.000000  0.000000
	#TM_ROTQUAT 0.499999 0.500000 0.500000 0.500001
	#TM_SCALEQUAT -0.000000 0.000000 0.000001 1.000000
	#TM_SCALE 1.000000 1.000000 1.000000
#BoundingBoxCenter -0.005066 24.112219 -0.013102
#BoundingBoxExtents 2.250036 1.569475 2.015546

#Name SWATSpine 5
#ParentName SWATPelvis 4
#Class Mesh
#Node_TM
	#TM_ROW0 -0.000000  0.996549  0.083009  0.000000
	#TM_ROW1 1.000000  0.000000  -0.000001  0.000000
	#TM_ROW2 -0.000001  0.083009  -0.996549  0.000000
	#TM_ROW3 -0.000000  26.642357  -0.324139  1.000000
	#TM_POS 2.483322 0.000003  0.324139
	#TM_ROTQUAT 0.000002 0.041540 0.000001 0.999137
	#TM_SCALEQUAT -0.000008 -0.015579 0.000000 0.999879
	#TM_SCALE 1.000000 1.000000 1.000000
#BoundingBoxCenter -0.000011 28.016575 0.114614
#BoundingBoxExtents 2.459650 1.735179 2.175071

#Name SWATSpine1 6
#ParentName SWATSpine 5
#Class Mesh
#Node_TM
	#TM_ROW0 -0.000000  0.993955  0.109785  0.000000
	#TM_ROW1 1.000000  0.000000  -0.000001  0.000000
	#TM_ROW2 -0.000001  0.109785  -0.993955  0.000000
	#TM_ROW3 -0.000000  29.872995  -0.052583  1.000000
	#TM_POS 3.242033 -0.000000  -0.002448
	#TM_ROTQUAT -0.000000 0.013451 -0.000000 0.999910
	#TM_SCALEQUAT -0.000003 -0.000000 -0.000000 1.000000
	#TM_SCALE 1.000000 1.000000 1.000000
#BoundingBoxCenter -0.000014 31.197609 0.447989
#BoundingBoxExtents 2.894233 1.666106 2.296864

#Name SWATLThigh 7
#ParentName SWATSpine 5
#Class Mesh
#Node_TM
	#TM_ROW0 0.021041  -0.999437  0.026144  0.000000
	#TM_ROW1 -0.964780  -0.027156  -0.261654  0.000000
	#TM_ROW2 0.262216  -0.019718  -0.964808  0.000000
	#TM_ROW3 2.247626  24.159035  0.000002  1.000000
	#TM_POS -2.447844 2.247625  -0.529162
	#TM_ROTQUAT 0.052729 -0.131527 -0.989752 -0.017636
	#TM_SCALEQUAT -0.159634 -0.030167 -0.000000 0.986715
	#TM_SCALE 1.000000 1.000000 1.000000
#BoundingBoxCenter 2.267056 19.330593 -0.014378
#BoundingBoxExtents 1.557105 5.500225 1.729263

#Name SWATRThigh 8
#ParentName SWATSpine 5
#Class Mesh
#Node_TM
	#TM_ROW0 -0.021041  -0.999437  0.026144  0.000000
	#TM_ROW1 -0.964780  0.027156  0.261651  0.000000
	#TM_ROW2 -0.262214  -0.019718  -0.964808  0.000000
	#TM_ROW3 -2.247626  24.159035  -0.000004  1.000000
	#TM_POS -2.447844 -2.247628  -0.529150
	#TM_ROTQUAT 0.052729 0.131524 -0.989753 0.017637
	#TM_SCALEQUAT -0.000000 -0.014626 0.007801 0.999863
	#TM_SCALE 1.000000 1.000000 1.000000
#BoundingBoxCenter -2.267059 19.330593 -0.014383
#BoundingBoxExtents 1.557105 5.500225 1.729262

#Name SWATSpine2 9
#ParentName SWATSpine1 6
#Class Mesh
#Node_TM
	#TM_ROW0 0.000000  0.997744  -0.067140  0.000000
	#TM_ROW1 1.000000  -0.000000  -0.000001  0.000000
	#TM_ROW2 -0.000001  -0.067140  -0.997743  0.000000
	#TM_ROW3 -0.000001  32.929939  0.287491  1.000000
	#TM_POS 3.075802 -0.000000  -0.002411
	#TM_ROTQUAT 0.000000 -0.088483 0.000000 0.996078
	#TM_SCALEQUAT -0.000000 -0.000000 -0.000000 1.000000
	#TM_SCALE 1.000000 1.000000 1.000000
#BoundingBoxCenter -0.000013 34.281281 0.455361
#BoundingBoxExtents 3.756578 1.694216 3.035296

#Name SWATLCalf 10
#ParentName SWATLThigh 7
#Class Mesh
#Node_TM
	#TM_ROW0 -0.017432  -0.985871  0.166596  0.000000
	#TM_ROW1 -0.964780  -0.027156  -0.261654  0.000000
	#TM_ROW2 0.262481  -0.165289  -0.950675  0.000000
	#TM_ROW3 2.465128  13.827908  0.270256  1.000000
	#TM_POS 10.336948 0.000000  -0.000000
	#TM_ROTQUAT -0.000000 0.073128 0.000000 0.997323
	#TM_SCALEQUAT -0.000000 -0.000000 -0.000000 1.000000
	#TM_SCALE 1.000000 1.000000 1.000000
#BoundingBoxCenter 2.010580 8.850512 1.017969
#BoundingBoxExtents 1.411319 5.610516 1.855221

#Name SWATRCalf 11
#ParentName SWATRThigh 8
#Class Mesh
#Node_TM
	#TM_ROW0 0.017431  -0.985871  0.166596  0.000000
	#TM_ROW1 -0.964780  0.027156  0.261651  0.000000
	#TM_ROW2 -0.262478  -0.165289  -0.950676  0.000000
	#TM_ROW3 -2.465130  13.827908  0.270250  1.000000
	#TM_POS 10.336949 0.000000  -0.000000
	#TM_ROTQUAT -0.000000 0.073128 -0.000000 0.997323
	#TM_SCALEQUAT -0.000000 -0.000000 -0.000000 1.000000
	#TM_SCALE 1.000000 1.000000 1.000000
#BoundingBoxCenter -2.010585 8.850512 1.017963
#BoundingBoxExtents 1.411315 5.610516 1.855220

#Name SWATSpine3 12
#ParentName SWATSpine2 9
#Class Mesh
#Node_TM
	#TM_ROW0 0.000000  0.997744  -0.067140  0.000000
	#TM_ROW1 1.000000  -0.000000  -0.000001  0.000000
	#TM_ROW2 -0.000001  -0.067140  -0.997743  0.000000
	#TM_ROW3 -0.000001  35.998528  0.083295  1.000000
	#TM_POS 3.075375 -0.000000  -0.002289
	#TM_ROTQUAT -0.000000 -0.000000 -0.000000 1.000000
	#TM_SCALEQUAT -0.000000 -0.000000 -0.000000 1.000000
	#TM_SCALE 1.000000 1.000000 1.000000
#BoundingBoxCenter -0.000010 37.134865 0.266940
#BoundingBoxExtents 2.838454 1.456848 2.825404

#Name SWATLFoot 13
#ParentName SWATLCalf 10
#Class Mesh
#Node_TM
	#TM_ROW0 -0.000000  -1.000000  0.000000  0.000000
	#TM_ROW1 -0.984807  -0.000000  -0.173649  0.000000
	#TM_ROW2 0.173649  -0.000000  -0.984807  0.000000
	#TM_ROW3 2.276899  3.182482  2.069156  1.000000
	#TM_POS 10.797989 0.000000  0.000000
	#TM_ROTQUAT -0.046101 -0.083480 0.009775 0.995395
	#TM_SCALEQUAT 0.011094 0.010525 0.037933 0.999163
	#TM_SCALE 1.000000 1.000000 1.000000
#BoundingBoxCenter 2.537232 2.095222 0.560236
#BoundingBoxExtents 1.539471 1.562017 2.975303

#Name SWATRFoot 14
#ParentName SWATRCalf 11
#Class Mesh
#Node_TM
	#TM_ROW0 0.000000  -1.000000  0.000000  0.000000
	#TM_ROW1 -0.984808  0.000000  0.173647  0.000000
	#TM_ROW2 -0.173647  -0.000000  -0.984808  0.000000
	#TM_ROW3 -2.276908  3.182482  2.069151  1.000000
	#TM_POS 10.797989 0.000000  0.000000
	#TM_ROTQUAT 0.046101 -0.083480 -0.009775 0.995395
	#TM_SCALEQUAT -0.000000 -0.038607 -0.014941 0.999143
	#TM_SCALE 1.000000 1.000000 1.000000
#BoundingBoxCenter -2.553816 2.095222 0.563150
#BoundingBoxExtents 1.539469 1.562017 2.975303

#Name SWATNeck 15
#ParentName SWATSpine3 12
#Class Mesh
#Node_TM
	#TM_ROW0 0.000001  0.646291  -0.763091  0.000000
	#TM_ROW1 1.000000  -0.000002  -0.000000  0.000000
	#TM_ROW2 -0.000002  -0.763091  -0.646291  0.000000
	#TM_ROW3 -0.000000  38.868076  -0.108650  1.000000
	#TM_POS 2.875961 -0.000000  -0.001150
	#TM_ROTQUAT -0.000000 -0.389829 0.000001 0.920887
	#TM_SCALEQUAT 0.000000 -0.061200 -0.000001 0.998126
	#TM_SCALE 1.000000 1.000000 1.000000
#BoundingBoxCenter 0.006568 39.576958 -0.996797
#BoundingBoxExtents 0.912333 1.236029 1.391215

#Name SWATLToe0 16
#ParentName SWATLFoot 13
#Class Mesh
#Node_TM
	#TM_ROW0 0.173649  -0.000000  -0.984807  0.000000
	#TM_ROW1 -0.984807  -0.000000  -0.173649  0.000000
	#TM_ROW2 -0.000000  1.000000  -0.000000  0.000000
	#TM_ROW3 3.034681  0.551304  -2.228410  1.000000
	#TM_POS 2.631177 0.000000  4.363865
	#TM_ROTQUAT -0.000000 -0.707107 -0.000000 0.707107
	#TM_SCALEQUAT 0.000000 -0.000000 -0.000000 1.000000
	#TM_SCALE 1.000000 1.000000 1.000000
#BoundingBoxCenter 3.217845 1.023660 -3.036192
#BoundingBoxExtents 1.524229 0.769884 1.071585

#Name SWATRToe0 17
#ParentName SWATRFoot 14
#Class Mesh
#Node_TM
	#TM_ROW0 -0.173647  -0.000000  -0.984808  0.000000
	#TM_ROW1 -0.984808  0.000000  0.173647  0.000000
	#TM_ROW2 0.000000  1.000000  -0.000000  0.000000
	#TM_ROW3 -3.034679  0.551304  -2.228417  1.000000
	#TM_POS 2.631177 0.000000  4.363864
	#TM_ROTQUAT 0.000000 -0.707107 0.000000 0.707107
	#TM_SCALEQUAT -0.000000 -0.000000 -0.000000 1.000000
	#TM_SCALE 1.000000 1.000000 1.000000
#BoundingBoxCenter -3.138839 1.023660 -3.050130
#BoundingBoxExtents 1.524230 0.769884 1.071584

#Name SWATHead 18
#ParentName SWATNeck 15
#Class Mesh
#Node_TM
	#TM_ROW0 0.000000  0.993869  -0.110566  0.000000
	#TM_ROW1 1.000000  -0.000000  -0.000001  0.000000
	#TM_ROW2 -0.000001  -0.110566  -0.993869  0.000000
	#TM_ROW3 0.000002  40.208580  -1.691411  1.000000
	#TM_POS 2.074146 -0.000000  0.000000
	#TM_ROTQUAT 0.000000 0.369661 -0.000001 0.929166
	#TM_SCALEQUAT -0.000002 -0.000000 0.000001 1.000000
	#TM_SCALE 1.000000 1.000000 1.000000
#BoundingBoxCenter 0.000003 42.832043 -2.327946
#BoundingBoxExtents 1.732413 3.015774 2.776692

#Name SWATLClavicle 19
#ParentName SWATNeck 15
#Class Mesh
#Node_TM
	#TM_ROW0 0.826523  -0.296522  0.478471  0.000000
	#TM_ROW1 0.286596  0.953261  0.095689  0.000000
	#TM_ROW2 -0.484481  0.058039  0.872874  0.000000
	#TM_ROW3 1.843599  38.842060  -0.605328  1.000000
	#TM_POS 0.362198 1.843600  0.340847
	#TM_ROTQUAT -0.437341 -0.782906 0.406738 0.174227
	#TM_SCALEQUAT -0.111847 0.117773 -0.087879 0.982801
	#TM_SCALE 1.000000 1.000000 1.000000
#BoundingBoxCenter 2.906563 38.684555 -0.269768
#BoundingBoxExtents 1.801391 1.105871 1.448500

#Name SWATRClavicle 20
#ParentName SWATNeck 15
#Class Mesh
#Node_TM
	#TM_ROW0 -0.826524  -0.296522  0.478469  0.000000
	#TM_ROW1 0.286597  -0.953261  -0.095688  0.000000
	#TM_ROW2 0.484479  0.058039  0.872875  0.000000
	#TM_ROW3 -1.843598  38.842060  -0.605333  1.000000
	#TM_POS 0.362198 -1.843598  0.340858
	#TM_ROTQUAT 0.437341 -0.782907 -0.406735 0.174228
	#TM_SCALEQUAT -0.000000 -0.000000 -0.000000 1.000000
	#TM_SCALE 1.000000 1.000000 1.000000
#BoundingBoxCenter -2.906565 38.684555 -0.269777
#BoundingBoxExtents 1.801392 1.105871 1.448497

#Name Line01 21
#ParentName SWATHead 18
#Class Mesh
#Node_TM
	#TM_ROW0 3.409089  -0.000000  0.000001  0.000000
	#TM_ROW1 0.000001  1.333122  -3.043869  0.000000
	#TM_ROW2 -0.000000  3.043869  1.333122  0.000000
	#TM_ROW3 0.000006  43.830338  -2.023566  1.000000
	#TM_POS 3.636280 0.000004  -0.070327
	#TM_ROTQUAT -0.612372 -0.612373 -0.353553 -0.353554
	#TM_SCALEQUAT -0.000000 0.000000 0.000000 1.000000
	#TM_SCALE 3.409090 3.323003 3.323003
#BoundingBoxCenter 0.000006 44.085354 -1.964932
#BoundingBoxExtents 2.093135 1.484505 2.851486

#Name SWATLUpperArm 22
#ParentName SWATLClavicle 19
#Class Mesh
#Node_TM
	#TM_ROW0 0.993949  -0.029311  0.105863  0.000000
	#TM_ROW1 0.020077  0.995984  0.087255  0.000000
	#TM_ROW2 -0.107995  -0.084601  0.990545  0.000000
	#TM_ROW3 4.979780  37.716930  1.210194  1.000000
	#TM_POS 3.794426 0.000000  0.000000
	#TM_ROTQUAT 0.036389 0.206542 0.130031 0.969076
	#TM_SCALEQUAT -0.003906 0.000976 0.000000 0.999992
	#TM_SCALE 1.000000 1.000000 1.000000
#BoundingBoxCenter 7.756034 37.716930 1.530606
#BoundingBoxExtents 3.355376 1.058712 1.218386

#Name SWATRUpperArm 23
#ParentName SWATRClavicle 20
#Class Mesh
#Node_TM
	#TM_ROW0 -0.993949  -0.029311  0.105860  0.000000
	#TM_ROW1 0.020078  -0.995984  -0.087255  0.000000
	#TM_ROW2 0.107993  -0.084601  0.990545  0.000000
	#TM_ROW3 -4.979785  37.716930  1.210181  1.000000
	#TM_POS 3.794428 0.000004  -0.000000
	#TM_ROTQUAT -0.036389 0.206542 -0.130031 0.969076
	#TM_SCALEQUAT 0.033255 0.000000 0.115563 0.992743
	#TM_SCALE 1.000000 1.000000 1.000000
#BoundingBoxCenter -7.756039 37.716930 1.530590
#BoundingBoxExtents 3.355376 1.058712 1.218384

#Name SWATLForearm 24
#ParentName SWATLUpperArm 22
#Class Mesh
#Node_TM
	#TM_ROW0 0.985475  -0.004994  -0.169748  0.000000
	#TM_ROW1 0.020077  0.995984  0.087255  0.000000
	#TM_ROW2 0.168631  -0.089396  0.981617  0.000000
	#TM_ROW3 11.419368  37.527031  1.896059  1.000000
	#TM_POS 6.478794 -0.000008  0.000000
	#TM_ROTQUAT 0.000000 0.138406 0.000000 0.990376
	#TM_SCALEQUAT 0.013944 -0.060732 -0.000000 0.998057
	#TM_SCALE 1.000000 1.000000 1.000000
#BoundingBoxCenter 14.494274 37.490540 1.470123
#BoundingBoxExtents 3.683938 0.650648 1.001453

#Name SWATRForearm 25
#ParentName SWATRUpperArm 23
#Class Mesh
#Node_TM
	#TM_ROW0 -0.985474  -0.004994  -0.169751  0.000000
	#TM_ROW1 0.020078  -0.995984  -0.087255  0.000000
	#TM_ROW2 -0.168634  -0.089396  0.981616  0.000000
	#TM_ROW3 -11.419374  37.527031  1.896029  1.000000
	#TM_POS 6.478793 0.000004  0.000000
	#TM_ROTQUAT -0.000000 0.138406 -0.000000 0.990376
	#TM_SCALEQUAT -0.000000 -0.000000 -0.000000 1.000000
	#TM_SCALE 1.000000 1.000000 1.000000
#BoundingBoxCenter -14.494279 37.490540 1.470084
#BoundingBoxExtents 3.683936 0.650648 1.001461

#Name SWATLHand 26
#ParentName SWATLForearm 24
#Class Mesh
#Node_TM
	#TM_ROW0 0.985475  -0.004994  -0.169748  0.000000
	#TM_ROW1 0.168647  -0.088602  0.981686  0.000000
	#TM_ROW2 -0.019943  -0.996055  -0.086473  0.000000
	#TM_ROW3 18.181690  37.492760  0.731246  1.000000
	#TM_POS 6.861996 0.000000  0.000000
	#TM_ROTQUAT 0.706825 0.000000 -0.000000 0.707388
	#TM_SCALEQUAT -0.116358 0.010859 0.000000 0.993148
	#TM_SCALE 1.000000 1.000000 1.000000
#BoundingBoxCenter 19.363903 37.462715 0.325188
#BoundingBoxExtents 1.347171 0.500414 1.144002

#Name SWATRHand 27
#ParentName SWATRForearm 25
#Class Mesh
#Node_TM
	#TM_ROW0 -0.985474  -0.004994  -0.169751  0.000000
	#TM_ROW1 0.168649  0.088602  -0.981686  0.000000
	#TM_ROW2 0.019943  -0.996055  -0.086473  0.000000
	#TM_ROW3 -18.181692  37.492760  0.731198  1.000000
	#TM_POS 6.861992 0.000000  0.000000
	#TM_ROTQUAT -0.706825 -0.000000 -0.000000 0.707388
	#TM_SCALEQUAT -0.000000 0.003183 -0.068000 0.997680
	#TM_SCALE 1.000000 1.000000 1.000000
#BoundingBoxCenter -19.363903 37.462715 0.325135
#BoundingBoxExtents 1.347171 0.500414 1.144002

#Name SWATLFinger0 28
#ParentName SWATLHand 26
#Class Mesh
#Node_TM
	#TM_ROW0 0.694262  -0.162017  -0.701249  0.000000
	#TM_ROW1 0.171364  0.983524  -0.057577  0.000000
	#TM_ROW2 0.699024  -0.080196  0.710587  0.000000
	#TM_ROW3 18.856987  37.500866  -0.464716  1.000000
	#TM_POS 0.868460 -1.060891  0.081879
	#TM_ROTQUAT -0.691790 0.138492 -0.280728 0.650721
	#TM_SCALEQUAT -0.049931 -0.269359 0.026284 0.961385
	#TM_SCALE 1.000000 1.000000 1.000000
#BoundingBoxCenter 19.033285 37.492332 -0.643138
#BoundingBoxExtents 0.327898 0.208452 0.325431

#Name SWATLFinger1 29
#ParentName SWATLHand 26
#Class Mesh
#Node_TM
	#TM_ROW0 0.977361  -0.050565  -0.205448  0.000000
	#TM_ROW1 0.200448  -0.089510  0.975607  0.000000
	#TM_ROW2 -0.067721  -0.994702  -0.077348  0.000000
	#TM_ROW3 20.560642  37.803413  -0.528498  1.000000
	#TM_POS 2.556686 -0.862995  -0.247936
	#TM_ROTQUAT 0.000004 -0.024330 -0.016195 0.999573
	#TM_SCALEQUAT -0.033971 0.000000 0.038537 0.998680
	#TM_SCALE 1.000000 1.000000 1.000000
#BoundingBoxCenter 20.836903 37.803413 -0.551589
#BoundingBoxExtents 0.384592 0.190941 0.209565

#Name SWATLFinger2 30
#ParentName SWATLHand 26
#Class Mesh
#Node_TM
	#TM_ROW0 0.988674  -0.056615  -0.138993  0.000000
	#TM_ROW1 0.133653  -0.089163  0.987009  0.000000
	#TM_ROW2 -0.068272  -0.994407  -0.080586  0.000000
	#TM_ROW3 20.726543  37.755661  0.131027  1.000000
	#TM_POS 2.608463 -0.183339  -0.260715
	#TM_ROTQUAT 0.000829 -0.024343 0.017681 0.999547
	#TM_SCALEQUAT -0.058478 -0.000000 0.001367 0.998288
	#TM_SCALE 1.000000 1.000000 1.000000
#BoundingBoxCenter 21.040409 37.755661 0.128396
#BoundingBoxExtents 0.437574 0.222672 0.222936

#Name SWATLFinger3 31
#ParentName SWATLHand 26
#Class Mesh
#Node_TM
	#TM_ROW0 0.994504  -0.061485  -0.084744  0.000000
	#TM_ROW1 0.079133  -0.088582  0.992921  0.000000
	#TM_ROW2 -0.068556  -0.994169  -0.083229  0.000000
	#TM_ROW3 20.768127  37.707691  0.756215  1.000000
	#TM_POS 2.543556 0.441663  -0.267822
	#TM_ROTQUAT 0.001496 -0.024333 0.045083 0.998686
	#TM_SCALEQUAT -0.051616 0.009944 -0.000000 0.998617
	#TM_SCALE 1.000000 1.000000 1.000000
#BoundingBoxCenter 21.037445 37.707691 0.756215
#BoundingBoxExtents 0.375964 0.190773 0.190130

#Name SWATLFinger4 32
#ParentName SWATLHand 26
#Class Mesh
#Node_TM
	#TM_ROW0 0.999340  -0.022634  0.028413  0.000000
	#TM_ROW1 -0.030273  -0.086627  0.995781  0.000000
	#TM_ROW2 -0.020077  -0.995984  -0.087255  0.000000
	#TM_ROW3 20.766554  37.598587  1.285572  1.000000
	#TM_POS 2.452694 0.970727  -0.204891
	#TM_ROTQUAT 0.000396 -0.000040 0.099714 0.995016
	#TM_SCALEQUAT -0.000000 -0.000000 -0.000000 1.000000
	#TM_SCALE 1.000000 1.000000 1.000000
#BoundingBoxCenter 20.980515 37.598587 1.285572
#BoundingBoxExtents 0.299375 0.159130 0.159140

#Name SWATRFinger0 33
#ParentName SWATRHand 27
#Class Mesh
#Node_TM
	#TM_ROW0 -0.694260  -0.162017  -0.701251  0.000000
	#TM_ROW1 0.171364  -0.983524  0.057577  0.000000
	#TM_ROW2 -0.699026  -0.080196  0.710585  0.000000
	#TM_ROW3 -18.856987  37.500866  -0.464765  1.000000
	#TM_POS 0.868462 1.060891  0.081879
	#TM_ROTQUAT 0.691790 0.138492 0.280728 0.650721
	#TM_SCALEQUAT 0.207163 -0.236880 0.059720 0.947315
	#TM_SCALE 1.000000 1.000000 1.000000
#BoundingBoxCenter -19.033283 37.492336 -0.643188
#BoundingBoxExtents 0.327897 0.208450 0.325432

#Name SWATRFinger1 34
#ParentName SWATRHand 27
#Class Mesh
#Node_TM
	#TM_ROW0 -0.977360  -0.050565  -0.205450  0.000000
	#TM_ROW1 0.200450  0.089510  -0.975606  0.000000
	#TM_ROW2 0.067721  -0.994702  -0.077348  0.000000
	#TM_ROW3 -20.560642  37.803413  -0.528552  1.000000
	#TM_POS 2.556688 0.862996  -0.247936
	#TM_ROTQUAT -0.000004 -0.024330 0.016195 0.999573
	#TM_SCALEQUAT -0.000000 0.004489 -0.082990 0.996540
	#TM_SCALE 1.000000 1.000000 1.000000
#BoundingBoxCenter -20.836903 37.803413 -0.551643
#BoundingBoxExtents 0.384592 0.190941 0.209565

#Name SWATRFinger2 35
#ParentName SWATRHand 27
#Class Mesh
#Node_TM
	#TM_ROW0 -0.988673  -0.056615  -0.138996  0.000000
	#TM_ROW1 0.133656  0.089163  -0.987009  0.000000
	#TM_ROW2 0.068272  -0.994407  -0.080586  0.000000
	#TM_ROW3 -20.726543  37.755661  0.130972  1.000000
	#TM_POS 2.608465 0.183339  -0.260715
	#TM_ROTQUAT -0.000829 -0.024343 -0.017681 0.999547
	#TM_SCALEQUAT -0.000000 -0.000000 -0.000000 1.000000
	#TM_SCALE 1.000000 1.000000 1.000000
#BoundingBoxCenter -21.040409 37.755661 0.128341
#BoundingBoxExtents 0.437574 0.222672 0.222937

#Name SWATRFinger3 36
#ParentName SWATRHand 27
#Class Mesh
#Node_TM
	#TM_ROW0 -0.994504  -0.061485  -0.084747  0.000000
	#TM_ROW1 0.079135  0.088582  -0.992920  0.000000
	#TM_ROW2 0.068556  -0.994169  -0.083229  0.000000
	#TM_ROW3 -20.768129  37.707691  0.756161  1.000000
	#TM_POS 2.543558 -0.441663  -0.267822
	#TM_ROTQUAT -0.001496 -0.024333 -0.045083 0.998686
	#TM_SCALEQUAT 0.000000 -0.018378 -0.013607 0.999739
	#TM_SCALE 1.000000 1.000000 1.000000
#BoundingBoxCenter -21.037445 37.707691 0.756160
#BoundingBoxExtents 0.375964 0.190773 0.190130

#Name SWATRFinger4 37
#ParentName SWATRHand 27
#Class Mesh
#Node_TM
	#TM_ROW0 -0.999340  -0.022634  0.028410  0.000000
	#TM_ROW1 -0.030271  0.086627  -0.995781  0.000000
	#TM_ROW2 0.020078  -0.995984  -0.087255  0.000000
	#TM_ROW3 -20.766558  37.598587  1.285517  1.000000
	#TM_POS 2.452696 -0.970727  -0.204895
	#TM_ROTQUAT -0.000396 -0.000040 -0.099714 0.995016
	#TM_SCALEQUAT -0.036209 -0.005462 -0.000000 0.999329
	#TM_SCALE 1.000000 1.000000 1.000000
#BoundingBoxCenter -20.980518 37.598587 1.285517
#BoundingBoxExtents 0.299375 0.159130 0.159140

#Name SWATLFinger01 38
#ParentName SWATLFinger0 28
#Class Mesh
#Node_TM
	#TM_ROW0 0.880851  -0.179128  -0.438196  0.000000
	#TM_ROW1 0.171364  0.983524  -0.057577  0.000000
	#TM_ROW2 0.441290  -0.024375  0.897034  0.000000
	#TM_ROW3 19.325527  37.391525  -0.937971  1.000000
	#TM_POS 0.674874 0.000000  0.000001
	#TM_ROTQUAT 0.000000 -0.161482 -0.000000 0.986876
	#TM_SCALEQUAT -0.008746 -0.062264 -0.049916 0.996772
	#TM_SCALE 1.000000 1.000000 1.000000
#BoundingBoxCenter 19.569759 37.369003 -1.037827
#BoundingBoxExtents 0.369871 0.175753 0.241871

#Name SWATLFinger11 39
#ParentName SWATLFinger1 29
#Class Mesh
#Node_TM
	#TM_ROW0 0.972907  -0.098912  -0.208968  0.000000
	#TM_ROW1 0.200448  -0.089510  0.975607  0.000000
	#TM_ROW2 -0.115204  -0.991062  -0.067259  0.000000
	#TM_ROW3 21.213251  37.769653  -0.665681  1.000000
	#TM_POS 0.667725 -0.000001  -0.000004
	#TM_ROTQUAT 0.000000 -0.024340 0.000000 0.999704
	#TM_SCALEQUAT -0.000697 0.038695 -0.000000 0.999251
	#TM_SCALE 1.000000 1.000000 1.000000
#BoundingBoxCenter 21.488918 37.769653 -0.689940
#BoundingBoxExtents 0.384394 0.190268 0.209960

#Name SWATLFinger21 40
#ParentName SWATLFinger2 30
#Class Mesh
#Node_TM
	#TM_ROW0 0.984180  -0.104940  -0.142750  0.000000
	#TM_ROW1 0.133653  -0.089163  0.987009  0.000000
	#TM_ROW2 -0.116305  -0.990473  -0.073727  0.000000
	#TM_ROW3 21.471792  37.712986  0.026256  1.000000
	#TM_POS 0.753784 0.000000  -0.000004
	#TM_ROTQUAT 0.000000 -0.024340 -0.000000 0.999704
	#TM_SCALEQUAT -0.010508 -0.000000 0.054756 0.998444
	#TM_SCALE 1.000000 1.000000 1.000000
#BoundingBoxCenter 21.785534 37.712986 0.022282
#BoundingBoxExtents 0.436887 0.221821 0.223666

#Name SWATLFinger31 41
#ParentName SWATLFinger3 31
#Class Mesh
#Node_TM
	#TM_ROW0 0.989989  -0.109793  -0.088694  0.000000
	#TM_ROW1 0.079133  -0.088582  0.992921  0.000000
	#TM_ROW2 -0.116872  -0.989999  -0.079007  0.000000
	#TM_ROW3 21.410591  37.667969  0.701469  1.000000
	#TM_POS 0.646013 0.000000  0.000004
	#TM_ROTQUAT 0.000000 -0.024340 0.000000 0.999704
	#TM_SCALEQUAT -0.002882 -0.000000 -0.021678 0.999761
	#TM_SCALE 1.000000 1.000000 1.000000
#BoundingBoxCenter 21.679802 37.667969 0.701469
#BoundingBoxExtents 0.375373 0.189999 0.189806

#Name SWATLFinger41 42
#ParentName SWATLFinger4 32
#Class Mesh
#Node_TM
	#TM_ROW0 0.997179  -0.071077  0.024133  0.000000
	#TM_ROW1 -0.030273  -0.086627  0.995781  0.000000
	#TM_ROW2 -0.068686  -0.993702  -0.088534  0.000000
	#TM_ROW3 21.281109  37.586933  1.300202  1.000000
	#TM_POS 0.514896 0.000000  0.000000
	#TM_ROTQUAT 0.000000 -0.024340 -0.000000 0.999704
	#TM_SCALEQUAT 0.000032 0.000000 -0.000977 1.000000
	#TM_SCALE 1.000000 1.000000 1.000000
#BoundingBoxCenter 21.484745 37.586933 1.300202
#BoundingBoxExtents 0.284541 0.158779 0.159222

#Name SWATRFinger01 43
#ParentName SWATRFinger0 33
#Class Mesh
#Node_TM
	#TM_ROW0 -0.880849  -0.179128  -0.438198  0.000000
	#TM_ROW1 0.171364  -0.983524  0.057577  0.000000
	#TM_ROW2 -0.441292  -0.024375  0.897032  0.000000
	#TM_ROW3 -19.325525  37.391525  -0.938022  1.000000
	#TM_POS 0.674874 0.000000  0.000000
	#TM_ROTQUAT -0.000000 -0.161482 0.000000 0.986876
	#TM_SCALEQUAT -0.009334 -0.061520 0.020512 0.997851
	#TM_SCALE 1.000000 1.000000 1.000000
#BoundingBoxCenter -19.569756 37.369003 -1.037879
#BoundingBoxExtents 0.369870 0.175753 0.241872

#Name SWATRFinger11 44
#ParentName SWATRFinger1 34
#Class Mesh
#Node_TM
	#TM_ROW0 -0.972907  -0.098912  -0.208971  0.000000
	#TM_ROW1 0.200450  0.089510  -0.975606  0.000000
	#TM_ROW2 0.115204  -0.991062  -0.067258  0.000000
	#TM_ROW3 -21.213253  37.769653  -0.665737  1.000000
	#TM_POS 0.667728 0.000000  -0.000004
	#TM_ROTQUAT -0.000000 -0.024340 -0.000000 0.999704
	#TM_SCALEQUAT 0.000172 -0.000000 0.001188 0.999999
	#TM_SCALE 1.000000 1.000000 1.000000
#BoundingBoxCenter -21.488920 37.769653 -0.689996
#BoundingBoxExtents 0.384394 0.190269 0.209960

#Name SWATRFinger21 45
#ParentName SWATRFinger2 35
#Class Mesh
#Node_TM
	#TM_ROW0 -0.984179  -0.104940  -0.142753  0.000000
	#TM_ROW1 0.133656  0.089163  -0.987009  0.000000
	#TM_ROW2 0.116305  -0.990473  -0.073726  0.000000
	#TM_ROW3 -21.471790  37.712986  0.026199  1.000000
	#TM_POS 0.753782 0.000000  -0.000004
	#TM_ROTQUAT 0.000000 -0.024340 0.000000 0.999704
	#TM_SCALEQUAT -0.000000 -0.000000 -0.000000 1.000000
	#TM_SCALE 1.000000 1.000000 1.000000
#BoundingBoxCenter -21.785530 37.712986 0.022225
#BoundingBoxExtents 0.436887 0.221821 0.223666

#Name SWATRFinger31 46
#ParentName SWATRFinger3 36
#Class Mesh
#Node_TM
	#TM_ROW0 -0.989989  -0.109793  -0.088697  0.000000
	#TM_ROW1 0.079135  0.088582  -0.992920  0.000000
	#TM_ROW2 0.116873  -0.989999  -0.079006  0.000000
	#TM_ROW3 -21.410593  37.667969  0.701413  1.000000
	#TM_POS 0.646013 -0.000000  0.000004
	#TM_ROTQUAT -0.000000 -0.024340 0.000000 0.999704
	#TM_SCALEQUAT -0.000000 0.000097 -0.002906 0.999996
	#TM_SCALE 1.000000 1.000000 1.000000
#BoundingBoxCenter -21.679802 37.667969 0.701412
#BoundingBoxExtents 0.375373 0.189999 0.189807

#Name SWATRFinger41 47
#ParentName SWATRFinger4 37
#Class Mesh
#Node_TM
	#TM_ROW0 -0.997179  -0.071077  0.024130  0.000000
	#TM_ROW1 -0.030271  0.086627  -0.995781  0.000000
	#TM_ROW2 0.068687  -0.993702  -0.088534  0.000000
	#TM_ROW3 -21.281113  37.586933  1.300146  1.000000
	#TM_POS 0.514896 0.000000  0.000000
	#TM_ROTQUAT 0.000000 -0.024340 -0.000000 0.999704
	#TM_SCALEQUAT 0.015852 -0.000000 0.003417 0.999869
	#TM_SCALE 1.000000 1.000000 1.000000
#BoundingBoxCenter -21.484749 37.586933 1.300145
#BoundingBoxExtents 0.284541 0.158779 0.159222

#Name SWATLFinger02 48
#ParentName SWATLFinger01 38
#Class Mesh
#Node_TM
	#TM_ROW0 0.880851  -0.179128  -0.438196  0.000000
	#TM_ROW1 0.171364  0.983524  -0.057577  0.000000
	#TM_ROW2 0.441290  -0.024375  0.897034  0.000000
	#TM_ROW3 19.919991  37.270634  -1.233698  1.000000
	#TM_POS 0.674873 -0.000004  0.000000
	#TM_ROTQUAT -0.000000 0.000000 0.000000 1.000000
	#TM_SCALEQUAT 0.015727 -0.102639 -0.067781 0.992282
	#TM_SCALE 1.000000 1.000000 1.000000
#BoundingBoxCenter 20.164223 37.248116 -1.333555
#BoundingBoxExtents 0.369871 0.175753 0.241871

#Name SWATLFinger12 49
#ParentName SWATLFinger11 39
#Class Mesh
#Node_TM
	#TM_ROW0 0.972907  -0.098912  -0.208968  0.000000
	#TM_ROW1 0.200448  -0.089510  0.975607  0.000000
	#TM_ROW2 -0.115204  -0.991062  -0.067259  0.000000
	#TM_ROW3 21.862888  37.703606  -0.805215  1.000000
	#TM_POS 0.667728 0.000000  0.000004
	#TM_ROTQUAT 0.000000 0.000000 0.000000 1.000000
	#TM_SCALEQUAT 0.015565 -0.000000 0.021402 0.999650
	#TM_SCALE 1.000000 1.000000 1.000000
#BoundingBoxCenter 22.196238 37.703606 -0.842248
#BoundingBoxExtents 0.464140 0.190268 0.222734

#Name SWATLFinger22 50
#ParentName SWATLFinger21 40
#Class Mesh
#Node_TM
	#TM_ROW0 0.984180  -0.104940  -0.142750  0.000000
	#TM_ROW1 0.133653  -0.089163  0.987009  0.000000
	#TM_ROW2 -0.116305  -0.990473  -0.073727  0.000000
	#TM_ROW3 22.213652  37.633884  -0.081347  1.000000
	#TM_POS 0.753784 -0.000000  0.000000
	#TM_ROTQUAT -0.000000 0.000000 -0.000000 1.000000
	#TM_SCALEQUAT 0.000000 -0.031043 0.015521 0.999397
	#TM_SCALE 1.000000 1.000000 1.000000
#BoundingBoxCenter 22.605223 37.633884 -0.097051
#BoundingBoxExtents 0.545927 0.221821 0.235395

#Name SWATLFinger32 51
#ParentName SWATLFinger31 41
#Class Mesh
#Node_TM
	#TM_ROW0 0.989989  -0.109793  -0.088694  0.000000
	#TM_ROW1 0.079133  -0.088582  0.992921  0.000000
	#TM_ROW2 -0.116872  -0.989999  -0.079007  0.000000
	#TM_ROW3 22.050140  37.597046  0.644171  1.000000
	#TM_POS 0.646013 -0.000000  -0.000008
	#TM_ROTQUAT 0.000000 0.000000 -0.000000 1.000000
	#TM_SCALEQUAT -0.000000 -0.000000 -0.000000 1.000000
	#TM_SCALE 1.000000 1.000000 1.000000
#BoundingBoxCenter 22.386490 37.595406 0.644171
#BoundingBoxExtents 0.469438 0.191641 0.189806

#Name SWATLFinger42 52
#ParentName SWATLFinger41 42
#Class Mesh
#Node_TM
	#TM_ROW0 0.997179  -0.071077  0.024133  0.000000
	#TM_ROW1 -0.030273  -0.086627  0.995781  0.000000
	#TM_ROW2 -0.068686  -0.993702  -0.088534  0.000000
	#TM_ROW3 21.768499  37.552197  1.311997  1.000000
	#TM_POS 0.488768 0.000000  -0.000004
	#TM_ROTQUAT -0.000000 0.000000 -0.000000 1.000000
	#TM_SCALEQUAT 0.000242 -0.031086 0.000000 0.999517
	#TM_SCALE 1.000000 1.000000 1.000000
#BoundingBoxCenter 22.048958 37.552197 1.311997
#BoundingBoxExtents 0.392170 0.158779 0.159222

#Name SWATRFinger02 53
#ParentName SWATRFinger01 43
#Class Mesh
#Node_TM
	#TM_ROW0 -0.880849  -0.179128  -0.438198  0.000000
	#TM_ROW1 0.171364  -0.983524  0.057577  0.000000
	#TM_ROW2 -0.441292  -0.024375  0.897032  0.000000
	#TM_ROW3 -19.919987  37.270634  -1.233750  1.000000
	#TM_POS 0.674871 0.000004  -0.000001
	#TM_ROTQUAT -0.000000 0.000000 -0.000000 1.000000
	#TM_SCALEQUAT 0.020564 -0.000000 -0.164526 0.986158
	#TM_SCALE 1.000000 1.000000 1.000000
#BoundingBoxCenter -20.164219 37.248116 -1.333608
#BoundingBoxExtents 0.369870 0.175751 0.241872

#Name SWATRFinger12 54
#ParentName SWATRFinger11 44
#Class Mesh
#Node_TM
	#TM_ROW0 -0.966148  -0.147025  -0.211996  0.000000
	#TM_ROW1 0.200450  0.089510  -0.975606  0.000000
	#TM_ROW2 0.162414  -0.985075  -0.057009  0.000000
	#TM_ROW3 -21.862888  37.703606  -0.805272  1.000000
	#TM_POS 0.667725 0.000000  0.000000
	#TM_ROTQUAT -0.000000 -0.024340 0.000000 0.999704
	#TM_SCALEQUAT 0.031036 0.000000 0.067904 0.997209
	#TM_SCALE 1.000000 1.000000 1.000000
#BoundingBoxCenter -22.174107 37.688919 -0.841948
#BoundingBoxExtents 0.432984 0.187679 0.205786

#Name SWATRFinger22 55
#ParentName SWATRFinger21 45
#Class Mesh
#Node_TM
	#TM_ROW0 -0.977353  -0.153017  -0.146171  0.000000
	#TM_ROW1 0.133656  0.089163  -0.987009  0.000000
	#TM_ROW2 0.164062  -0.984193  -0.066692  0.000000
	#TM_ROW3 -22.213650  37.633881  -0.081405  1.000000
	#TM_POS 0.753786 -0.000000  0.000004
	#TM_ROTQUAT -0.000000 -0.024340 0.000000 0.999704
	#TM_SCALEQUAT -0.000000 -0.000000 -0.000000 1.000000
	#TM_SCALE 1.000000 1.000000 1.000000
#BoundingBoxCenter -22.526529 37.626743 -0.086615
#BoundingBoxExtents 0.435171 0.227604 0.224273

#Name SWATRFinger32 56
#ParentName SWATRFinger31 46
#Class Mesh
#Node_TM
	#TM_ROW0 -0.983128  -0.157841  -0.092437  0.000000
	#TM_ROW1 0.079135  0.088582  -0.992920  0.000000
	#TM_ROW2 0.164912  -0.983483  -0.074596  0.000000
	#TM_ROW3 -22.050142  37.597042  0.644113  1.000000
	#TM_POS 0.646017 0.000000  -0.000004
	#TM_ROTQUAT 0.000000 -0.024340 0.000000 0.999704
	#TM_SCALEQUAT -0.000000 0.011691 -0.000610 0.999931
	#TM_SCALE 1.000000 1.000000 1.000000
#BoundingBoxCenter -22.318611 37.589554 0.644113
#BoundingBoxExtents 0.373897 0.196281 0.189469

#Name SWATRFinger42 57
#ParentName SWATRFinger41 47
#Class Mesh
#Node_TM
	#TM_ROW0 -0.992655  -0.119351  0.019793  0.000000
	#TM_ROW1 -0.030271  0.086627  -0.995781  0.000000
	#TM_ROW2 0.117133  -0.989066  -0.089603  0.000000
	#TM_ROW3 -21.768503  37.552193  1.311940  1.000000
	#TM_POS 0.488771 0.000000  -0.000004
	#TM_ROTQUAT -0.000000 -0.024340 0.000000 0.999704
	#TM_SCALEQUAT 0.010246 -0.000000 0.003514 0.999941
	#TM_SCALE 1.000000 1.000000 1.000000
#BoundingBoxCenter -21.972143 37.552193 1.311939
#BoundingBoxExtents 0.284178 0.158066 0.159290

**********SubsetTable**********
SubsetID0 NodeIndex: 0 MtrlRef: 0 SubMtlID: -1 VertexStart: 0 VertexCount: 3265 FaceStart: 0 FaceCount: 5102
SubsetID1 NodeIndex: 1 MtrlRef: 1 SubMtlID: -1 VertexStart: 3265 VertexCount: 571 FaceStart: 5102 FaceCount: 388
SubsetID2 NodeIndex: 2 MtrlRef: -1 SubMtlID: -2 VertexStart: 3836 VertexCount: 4 FaceStart: 5490 FaceCount: 2
SubsetID3 NodeIndex: 3 MtrlRef: -1 SubMtlID: -2 VertexStart: 3840 VertexCount: 6 FaceStart: 5492 FaceCount: 8
SubsetID4 NodeIndex: 4 MtrlRef: -1 SubMtlID: -2 VertexStart: 3846 VertexCount: 102 FaceStart: 5500 FaceCount: 50
SubsetID5 NodeIndex: 5 MtrlRef: -1 SubMtlID: -2 VertexStart: 3948 VertexCount: 252 FaceStart: 5550 FaceCount: 126
SubsetID6 NodeIndex: 6 MtrlRef: -1 SubMtlID: -2 VertexStart: 4200 VertexCount: 252 FaceStart: 5676 FaceCount: 126
SubsetID7 NodeIndex: 7 MtrlRef: -1 SubMtlID: -2 VertexStart: 4452 VertexCount: 225 FaceStart: 5802 FaceCount: 108
SubsetID8 NodeIndex: 8 MtrlRef: -1 SubMtlID: -2 VertexStart: 4677 VertexCount: 225 FaceStart: 5910 FaceCount: 108
SubsetID9 NodeIndex: 9 MtrlRef: -1 SubMtlID: -2 VertexStart: 4902 VertexCount: 252 FaceStart: 6018 FaceCount: 126
SubsetID10 NodeIndex: 10 MtrlRef: -1 SubMtlID: -2 VertexStart: 5154 VertexCount: 212 FaceStart: 6144 FaceCount: 98
SubsetID11 NodeIndex: 11 MtrlRef: -1 SubMtlID: -2 VertexStart: 5366 VertexCount: 212 FaceStart: 6242 FaceCount: 98
SubsetID12 NodeIndex: 12 MtrlRef: -1 SubMtlID: -2 VertexStart: 5578 VertexCount: 252 FaceStart: 6340 FaceCount: 126
SubsetID13 NodeIndex: 13 MtrlRef: -1 SubMtlID: -2 VertexStart: 5830 VertexCount: 242 FaceStart: 6466 FaceCount: 104
SubsetID14 NodeIndex: 14 MtrlRef: -1 SubMtlID: -2 VertexStart: 6072 VertexCount: 242 FaceStart: 6570 FaceCount: 104
SubsetID15 NodeIndex: 15 MtrlRef: -1 SubMtlID: -2 VertexStart: 6314 VertexCount: 126 FaceStart: 6674 FaceCount: 58
SubsetID16 NodeIndex: 16 MtrlRef: -1 SubMtlID: -2 VertexStart: 6440 VertexCount: 48 FaceStart: 6732 FaceCount: 28
SubsetID17 NodeIndex: 17 MtrlRef: -1 SubMtlID: -2 VertexStart: 6488 VertexCount: 48 FaceStart: 6760 FaceCount: 28
SubsetID18 NodeIndex: 18 MtrlRef: -1 SubMtlID: -2 VertexStart: 6536 VertexCount: 121 FaceStart: 6788 FaceCount: 170
SubsetID19 NodeIndex: 19 MtrlRef: -1 SubMtlID: -2 VertexStart: 6657 VertexCount: 52 FaceStart: 6958 FaceCount: 32
SubsetID20 NodeIndex: 20 MtrlRef: -1 SubMtlID: -2 VertexStart: 6709 VertexCount: 52 FaceStart: 6990 FaceCount: 32
SubsetID21 NodeIndex: 21 MtrlRef: 2 SubMtlID: -1 VertexStart: 6761 VertexCount: 412 FaceStart: 7022 FaceCount: 500
SubsetID22 NodeIndex: 22 MtrlRef: -1 SubMtlID: -2 VertexStart: 7173 VertexCount: 156 FaceStart: 7522 FaceCount: 78
SubsetID23 NodeIndex: 23 MtrlRef: -1 SubMtlID: -2 VertexStart: 7329 VertexCount: 156 FaceStart: 7600 FaceCount: 78
SubsetID24 NodeIndex: 24 MtrlRef: -1 SubMtlID: -2 VertexStart: 7485 VertexCount: 170 FaceStart: 7678 FaceCount: 86
SubsetID25 NodeIndex: 25 MtrlRef: -1 SubMtlID: -2 VertexStart: 7655 VertexCount: 170 FaceStart: 7764 FaceCount: 86
SubsetID26 NodeIndex: 26 MtrlRef: -1 SubMtlID: -2 VertexStart: 7825 VertexCount: 80 FaceStart: 7850 FaceCount: 52
SubsetID27 NodeIndex: 27 MtrlRef: -1 SubMtlID: -2 VertexStart: 7905 VertexCount: 80 FaceStart: 7902 FaceCount: 52
SubsetID28 NodeIndex: 28 MtrlRef: -1 SubMtlID: -2 VertexStart: 7985 VertexCount: 184 FaceStart: 7954 FaceCount: 86
SubsetID29 NodeIndex: 29 MtrlRef: -1 SubMtlID: -2 VertexStart: 8169 VertexCount: 184 FaceStart: 8040 FaceCount: 86
SubsetID30 NodeIndex: 30 MtrlRef: -1 SubMtlID: -2 VertexStart: 8353 VertexCount: 184 FaceStart: 8126 FaceCount: 86
SubsetID31 NodeIndex: 31 MtrlRef: -1 SubMtlID: -2 VertexStart: 8537 VertexCount: 184 FaceStart: 8212 FaceCount: 86
SubsetID32 NodeIndex: 32 MtrlRef: -1 SubMtlID: -2 VertexStart: 8721 VertexCount: 184 FaceStart: 8298 FaceCount: 86
SubsetID33 NodeIndex: 33 MtrlRef: -1 SubMtlID: -2 VertexStart: 8905 VertexCount: 184 FaceStart: 8384 FaceCount: 86
SubsetID34 NodeIndex: 34 MtrlRef: -1 SubMtlID: -2 VertexStart: 9089 VertexCount: 184 FaceStart: 8470 FaceCount: 86
SubsetID35 NodeIndex: 35 MtrlRef: -1 SubMtlID: -2 VertexStart: 9273 VertexCount: 184 FaceStart: 8556 FaceCount: 86
SubsetID36 NodeIndex: 36 MtrlRef: -1 SubMtlID: -2 VertexStart: 9457 VertexCount: 184 FaceStart: 8642 FaceCount: 86
SubsetID37 NodeIndex: 37 MtrlRef: -1 SubMtlID: -2 VertexStart: 9641 VertexCount: 184 FaceStart: 8728 FaceCount: 86
SubsetID38 NodeIndex: 38 MtrlRef: -1 SubMtlID: -2 VertexStart: 9825 VertexCount: 184 FaceStart: 8814 FaceCount: 86
SubsetID39 NodeIndex: 39 MtrlRef: -1 SubMtlID: -2 VertexStart: 10009 VertexCount: 184 FaceStart: 8900 FaceCount: 86
SubsetID40 NodeIndex: 40 MtrlRef: -1 SubMtlID: -2 VertexStart: 10193 VertexCount: 184 FaceStart: 8986 FaceCount: 86
SubsetID41 NodeIndex: 41 MtrlRef: -1 SubMtlID: -2 VertexStart: 10377 VertexCount: 184 FaceStart: 9072 FaceCount: 86
SubsetID42 NodeIndex: 42 MtrlRef: -1 SubMtlID: -2 VertexStart: 10561 VertexCount: 184 FaceStart: 9158 FaceCount: 86
SubsetID43 NodeIndex: 43 MtrlRef: -1 SubMtlID: -2 VertexStart: 10745 VertexCount: 184 FaceStart: 9244 FaceCount: 86
SubsetID44 NodeIndex: 44 MtrlRef: -1 SubMtlID: -2 VertexStart: 10929 VertexCount: 184 FaceStart: 9330 FaceCount: 86
SubsetID45 NodeIndex: 45 MtrlRef: -1 SubMtlID: -2 VertexStart: 11113 VertexCount: 184 FaceStart: 9416 FaceCount: 86
SubsetID46 NodeIndex: 46 MtrlRef: -1 SubMtlID: -2 VertexStart: 11297 VertexCount: 184 FaceStart: 9502 FaceCount: 86
SubsetID47 NodeIndex: 47 MtrlRef: -1 SubMtlID: -2 VertexStart: 11481 VertexCount: 184 FaceStart: 9588 FaceCount: 86
SubsetID48 NodeIndex: 48 MtrlRef: -1 SubMtlID: -2 VertexStart: 11665 VertexCount: 184 FaceStart: 9674 FaceCount: 86
SubsetID49 NodeIndex: 49 MtrlRef: -1 SubMtlID: -2 VertexStart: 11849 VertexCount: 184 FaceStart: 9760 FaceCount: 86
SubsetID50 NodeIndex: 50 MtrlRef: -1 SubMtlID: -2 VertexStart: 12033 VertexCount: 184 FaceStart: 9846 FaceCount: 86
SubsetID51 NodeIndex: 51 MtrlRef: -1 SubMtlID: -2 VertexStart: 12217 VertexCount: 184 FaceStart: 9932 FaceCount: 86
SubsetID52 NodeIndex: 52 MtrlRef: -1 SubMtlID: -2 VertexStart: 12401 VertexCount: 184 FaceStart: 10018 FaceCount: 86
SubsetID53 NodeIndex: 53 MtrlRef: -1 SubMtlID: -2 VertexStart: 12585 VertexCount: 184 FaceStart: 10104 FaceCount: 86
SubsetID54 NodeIndex: 54 MtrlRef: -1 SubMtlID: -2 VertexStart: 12769 VertexCount: 184 FaceStart: 10190 FaceCount: 86
SubsetID55 NodeIndex: 55 MtrlRef: -1 SubMtlID: -2 VertexStart: 12953 VertexCount: 184 FaceStart: 10276 FaceCount: 86
SubsetID56 NodeIndex: 56 MtrlRef: -1 SubMtlID: -2 VertexStart: 13137 VertexCount: 184 FaceStart: 10362 FaceCount: 86
SubsetID57 NodeIndex: 57 MtrlRef: -1 SubMtlID: -2 VertexStart: 13321 VertexCount: 184 FaceStart: 10448 FaceCount: 86

**********Vertices**********
Position: 1.556426 8.961430 3.125834
Normal: -0.526498 -0.807120 -0.267127
Color: 1.000000 1.000000 1.000000 1.000000
Tex-Coords: 0.890520 0.162608
Tangent: -0.722800 0.424947 0.140642
WeightNum: 1 Index0 10 1.000000

Position: 2.667756 9.740701 3.579626
Normal: 0.055729 -0.998436 0.004479
