**********ZXCS_Header**********
#ZXCSExporter V1.0
#Mon Dec 24 17:25:02 2018
#Materials 2
#Helpers 0
#Meshes 39
#Vertices 2183
#Triangles 1993
#AnimationClips 1
#Subset 39

**********Scene_Info**********
FirstFrmae: 0
LastFrame: 425
FrameSpeed: 30
TickPerFrame: 160

**********Materials**********
#Name 13-Default
#MapNum 0
#SubMtlNum 0

#Name lambert4
#MapNum 1
#SubMtlNum 0
		#MapSubNO 1	#TexFile mob04.bmp

**********Helpers**********
**********Meshed**********
#Name pck_02_52bandit 0
#ParentName NONE -1
#Node_TM
	#TM_ROW0 1.000000  0.000000  0.000000  0.000000
	#TM_ROW1 0.000000  1.000000  0.000000  0.000000
	#TM_ROW2 0.000000  0.000000  1.000000  0.000000
	#TM_ROW3 0.000000  0.000000  0.000000  1.000000
	#TM_POS 0.000000 0.000000  0.000000
	#TM_ROTQUAT -0.000000 -0.000000 -0.000000 1.000000
	#TM_SCALEQUAT -0.000000 -0.000000 -0.000000 1.000000
	#TM_SCALE 1.000000 1.000000 1.000000

#Name sha_02_52bandit 1
#ParentName NONE -1
#Node_TM
	#TM_ROW0 1.000000  0.000000  0.000000  0.000000
	#TM_ROW1 0.000000  1.000000  0.000000  0.000000
	#TM_ROW2 0.000000  0.000000  1.000000  0.000000
	#TM_ROW3 0.000000  0.000000  0.000000  1.000000
	#TM_POS 0.000000 0.000000  0.000000
	#TM_ROTQUAT -0.000000 -0.000000 -0.000000 1.000000
	#TM_SCALEQUAT -0.000000 -0.000000 -0.000000 1.000000
	#TM_SCALE 1.000000 1.000000 1.000000

#Name Bip01 2
#ParentName NONE -1
#Node_TM
	#TM_ROW0 -0.905463  -0.178681  -0.384980  0.000000
	#TM_ROW1 -0.164429  0.983907  -0.069929  0.000000
	#TM_ROW2 0.391280  -0.000017  -0.920272  0.000000
	#TM_ROW3 0.000000  1.528931  -0.000000  1.000000
	#TM_POS 0.000000 1.528931  -0.000000
	#TM_ROTQUAT 0.087894 -0.975915 0.017918 -0.198854
	#TM_SCALEQUAT 0.012522 -0.000000 0.032846 -0.198854
	#TM_SCALE 1.000000 1.000000 1.000000

#Name mob_02_62bandit 3
#ParentName NONE -1
#Node_TM
	#TM_ROW0 0.939427  -0.339884  0.044216  0.000000
	#TM_ROW1 0.173125  0.359210  -0.917058  0.000000
	#TM_ROW2 0.295811  0.869164  0.396294  0.000000
	#TM_ROW3 -1.134428  1.255780  0.344183  1.000000
	#TM_POS -1.134428 1.255780  0.344183
	#TM_ROTQUAT -0.544041 0.076630 -0.156251 0.820812
	#TM_SCALEQUAT 0.192869 0.000000 -0.048217 0.820812
	#TM_SCALE 1.000000 1.000000 1.000000

#Name mob_02_72bandit 4
#ParentName NONE -1
#Node_TM
	#TM_ROW0 0.950393  0.296626  -0.093629  0.000000
	#TM_ROW1 -0.201877  0.359210  -0.911161  0.000000
	#TM_ROW2 -0.236642  0.884862  0.401273  0.000000
	#TM_ROW3 1.188328  1.255780  0.344183  1.000000
	#TM_POS 1.188328 1.255780  0.344183
	#TM_ROTQUAT -0.545415 -0.043430 0.151385 0.823237
	#TM_SCALEQUAT -0.000000 0.065359 -0.038333 0.823237
	#TM_SCALE 1.000000 1.000000 1.000000

#Name mob_02_52bandit 5
#ParentName NONE -1
#Node_TM
	#TM_ROW0 1.000000  0.000000  0.000000  0.000000
	#TM_ROW1 0.000000  1.000000  0.000000  0.000000
	#TM_ROW2 0.000000  0.000000  1.000000  0.000000
	#TM_ROW3 0.000000  1.737038  0.000000  1.000000
	#TM_POS 0.000000 1.737038  0.000000
	#TM_ROTQUAT -0.000000 -0.000000 -0.000000 1.000000
	#TM_SCALEQUAT -0.000000 -0.000000 -0.000000 1.000000
	#TM_SCALE 1.000000 1.000000 1.000000

#Name Bip01Footsteps 6
#ParentName Bip01 2
#Node_TM
	#TM_ROW0 1.000000  0.000000  0.000000  0.000000
	#TM_ROW1 0.000000  1.000000  0.000000  0.000000
	#TM_ROW2 0.000000  0.000000  1.000000  0.000000
	#TM_ROW3 0.000000  -0.002652  0.000000  1.000000
	#TM_POS 0.273665 -1.506936  0.000025
	#TM_ROTQUAT 0.087894 -0.975915 0.017918 0.198854
	#TM_SCALEQUAT -0.035577 0.125956 0.074229 0.198854
	#TM_SCALE 1.000000 1.000000 1.000000

#Name Bip01Pelvis 7
#ParentName Bip01 2
#Node_TM
	#TM_ROW0 -0.118400  0.977394  -0.175165  0.000000
	#TM_ROW1 0.407577  -0.113023  -0.906150  0.000000
	#TM_ROW2 -0.905463  -0.178681  -0.384981  0.000000
	#TM_ROW3 -0.003778  1.528185  -0.001607  1.000000
	#TM_POS 0.004173 0.000000  -0.000000
	#TM_ROTQUAT -0.527933 -0.470410 -0.527934 -0.470411
	#TM_SCALEQUAT 0.070754 0.000000 -0.066709 -0.470411
	#TM_SCALE 1.000000 1.000000 1.000000

#Name Bip01Spine 8
#ParentName Bip01Pelvis 7
#Node_TM
	#TM_ROW0 -0.056512  0.996246  -0.065580  0.000000
	#TM_ROW1 0.377899  -0.039454  -0.925006  0.000000
	#TM_ROW2 -0.924121  -0.077057  -0.374251  0.000000
	#TM_ROW3 -0.025628  1.757163  -0.010905  1.000000
	#TM_POS 0.228017 -0.026359  -0.017550
	#TM_ROTQUAT 0.012476 0.050419 -0.038814 0.997896
	#TM_SCALEQUAT 0.101147 0.181207 -0.000000 0.997896
	#TM_SCALE 1.000000 1.000000 1.000000

#Name Bip01LThigh 9
#ParentName Bip01Spine 8
#Node_TM
	#TM_ROW0 0.088402  -0.650238  -0.754570  0.000000
	#TM_ROW1 -0.963096  -0.249139  0.101860  0.000000
	#TM_ROW2 -0.254226  0.717719  -0.648266  0.000000
	#TM_ROW3 0.089884  1.502212  -0.209844  1.000000
	#TM_POS -0.247475 0.237730  -0.012649
	#TM_ROTQUAT -0.325112 -0.427995 -0.786431 -0.304381
	#TM_SCALEQUAT 0.109442 -0.044509 0.000000 -0.304381
	#TM_SCALE 1.000000 1.000000 1.000000

#Name Bip01RThigh 10
#ParentName Bip01Spine 8
#Node_TM
	#TM_ROW0 -0.610659  -0.780393  0.134470  0.000000
	#TM_ROW1 -0.357729  0.423347  0.832351  0.000000
	#TM_ROW2 -0.706488  0.460178  -0.537690  0.000000
	#TM_ROW3 -0.097441  1.554159  0.206631  1.000000
	#TM_POS -0.212449 -0.220351  0.000594
	#TM_ROTQUAT -0.296392 -0.053159 -0.934377 0.190435
	#TM_SCALEQUAT -0.000000 -0.096224 0.256495 0.190435
	#TM_SCALE 1.000000 1.000000 1.000000

#Name Bip01Tail 11
#ParentName Bip01Spine 8
#Node_TM
	#TM_ROW0 0.058425  -0.995532  -0.074180  0.000000
	#TM_ROW1 0.257444  0.086819  -0.962385  0.000000
	#TM_ROW2 0.964525  0.037130  0.261366  0.000000
	#TM_ROW3 0.328268  1.502525  0.139626  1.000000
	#TM_POS -0.283553 0.004541  -0.363758
	#TM_ROTQUAT -0.066539 -0.995781 -0.059460 0.021375
	#TM_SCALEQUAT 0.161069 -0.000000 0.013413 0.021375
	#TM_SCALE 1.000000 1.000000 1.000000

#Name Bip01Spine1 12
#ParentName Bip01Spine 8
#Node_TM
	#TM_ROW0 0.029465  0.998538  -0.045312  0.000000
	#TM_ROW1 0.486615  -0.053927  -0.871951  0.000000
	#TM_ROW2 -0.873120  0.003642  -0.487493  0.000000
	#TM_ROW3 -0.042600  2.062753  -0.030819  1.000000
	#TM_POS 0.306708 -0.000050  -0.000411
	#TM_ROTQUAT -0.060179 0.043159 0.009450 0.997209
	#TM_SCALEQUAT 0.029179 -0.038893 0.005810 0.997209
	#TM_SCALE 1.000000 1.000000 1.000000

#Name Bip01LCalf 13
#ParentName Bip01LThigh 9
#Node_TM
	#TM_ROW0 0.265938  -0.939158  0.217392  0.000000
	#TM_ROW1 -0.963096  -0.249139  0.101860  0.000000
	#TM_ROW2 -0.041502  -0.236458  -0.970755  0.000000
	#TM_ROW3 0.164465  0.953632  -0.846445  1.000000
	#TM_POS 0.843660 0.000000  -0.000000
	#TM_ROTQUAT -0.000000 0.514709 -0.000000 0.857365
	#TM_SCALEQUAT -0.072245 -0.056238 -0.369333 0.857365
	#TM_SCALE 1.000000 1.000000 1.000000

#Name Bip01RCalf 14
#ParentName Bip01RThigh 10
#Node_TM
	#TM_ROW0 0.227859  -0.824821  0.517446  0.000000
	#TM_ROW1 -0.357729  0.423347  0.832351  0.000000
	#TM_ROW2 -0.905599  -0.374764  -0.198599  0.000000
	#TM_ROW3 -0.612630  0.895772  0.320078  1.000000
	#TM_POS 0.843660 -0.000000  -0.000000
	#TM_ROTQUAT 0.000000 0.461453 0.000000 0.887165
	#TM_SCALEQUAT 0.195751 -0.042928 -0.059905 0.887165
	#TM_SCALE 1.000000 1.000000 1.000000

#Name Bip01Neck 15
#ParentName Bip01Spine1 12
#Node_TM
	#TM_ROW0 -0.163504  0.985633  -0.042351  0.000000
	#TM_ROW1 0.366075  0.020752  -0.930354  0.000000
	#TM_ROW2 -0.916109  -0.167621  -0.364209  0.000000
	#TM_ROW3 -0.021530  2.573185  -0.050642  1.000000
	#TM_POS 0.511205 0.000012  -0.006875
	#TM_ROTQUAT 0.063721 -0.086799 -0.042650 0.993271
	#TM_SCALEQUAT 0.029468 0.078825 -0.000000 0.993271
	#TM_SCALE 1.000000 1.000000 1.000000

#Name Bip01LFoot 16
#ParentName Bip01LCalf 13
#Node_TM
	#TM_ROW0 0.005445  -0.999967  -0.006065  0.000000
	#TM_ROW1 -0.992283  -0.006154  0.123842  0.000000
	#TM_ROW2 -0.123875  0.005344  -0.992284  0.000000
	#TM_ROW3 0.354215  0.283532  -0.691333  1.000000
	#TM_POS 0.713511 0.000000  0.000000
	#TM_ROTQUAT -0.023995 -0.125911 0.120492 0.984405
	#TM_SCALEQUAT -0.000000 -0.000000 -0.000000 0.984405
	#TM_SCALE 1.000000 1.000000 1.000000

#Name Bip01RFoot 17
#ParentName Bip01RCalf 14
#Node_TM
	#TM_ROW0 -0.003908  -0.999839  0.017515  0.000000
	#TM_ROW1 -0.188641  0.017938  0.981882  0.000000
	#TM_ROW2 -0.982038  0.000533  -0.188681  0.000000
	#TM_ROW3 -0.450050  0.307254  0.689282  1.000000
	#TM_POS 0.713511 0.000000  -0.000000
	#TM_ROTQUAT -0.058968 -0.182264 -0.224387 0.955486
	#TM_SCALEQUAT 0.108445 0.205990 0.006621 0.955486
	#TM_SCALE 1.000000 1.000000 1.000000

#Name Bip01Head 18
#ParentName Bip01Neck 15
#Node_TM
	#TM_ROW0 -0.028858  0.944458  -0.327364  0.000000
	#TM_ROW1 0.999196  0.018131  -0.035772  0.000000
	#TM_ROW2 -0.027850  -0.328133  -0.944221  0.000000
	#TM_ROW3 -0.041485  2.693480  -0.055811  1.000000
	#TM_POS 0.122048 0.000000  -0.000000
	#TM_ROTQUAT -0.530477 -0.079934 0.137386 0.832664
	#TM_SCALEQUAT 0.250707 0.126673 -0.016042 0.832664
	#TM_SCALE 1.000000 1.000000 1.000000

#Name Bip01LClavicle 19
#ParentName Bip01Neck 15
#Node_TM
	#TM_ROW0 0.541972  -0.540650  -0.643400  0.000000
	#TM_ROW1 0.343134  0.841229  -0.417844  0.000000
	#TM_ROW2 0.767154  0.005687  0.641438  0.000000
	#TM_ROW3 0.212344  2.504570  -0.317397  1.000000
	#TM_POS -0.094571 0.332369  -0.105597
	#TM_ROTQUAT -0.450363 -0.875133 0.176826 -0.007015
	#TM_SCALEQUAT -0.141845 0.333460 -0.229978 -0.007015
	#TM_SCALE 1.000000 1.000000 1.000000

#Name Bip01RClavicle 20
#ParentName Bip01Neck 15
#Node_TM
	#TM_ROW0 -0.014304  -0.145416  0.989267  0.000000
	#TM_ROW1 -0.027951  -0.988924  -0.145769  0.000000
	#TM_ROW2 0.999507  -0.029736  0.010081  0.000000
	#TM_ROW3 -0.128401  2.542331  0.293169  1.000000
	#TM_POS -0.027497 -0.359629  -0.022141
	#TM_ROTQUAT 0.637691 -0.741972 -0.202285 -0.043688
	#TM_SCALEQUAT 0.033119 -0.008246 -0.000000 -0.043688
	#TM_SCALE 1.000000 1.000000 1.000000

#Name Bip01LToe0 21
#ParentName Bip01LFoot 16
#Node_TM
	#TM_ROW0 -0.122930  -0.081829  -0.989036  0.000000
	#TM_ROW1 -0.992283  -0.006154  0.123842  0.000000
	#TM_ROW2 -0.016220  0.996627  -0.080441  0.000000
	#TM_ROW3 0.320248  0.013405  -0.976920  1.000000
	#TM_POS 0.271666 -0.000000  0.286147
	#TM_ROTQUAT -0.000000 -0.675590 0.000000 0.737277
	#TM_SCALEQUAT -0.000000 -0.000000 -0.000000 0.737277
	#TM_SCALE 1.000000 1.000000 1.000000

#Name Bip01RToe0 22
#ParentName Bip01RFoot 17
#Node_TM
	#TM_ROW0 -0.978642  -0.086611  -0.186436  0.000000
	#TM_ROW1 -0.188641  0.017938  0.981882  0.000000
	#TM_ROW2 -0.081697  0.996081  -0.033893  0.000000
	#TM_ROW3 -0.732119  0.035784  0.640049  1.000000
	#TM_POS 0.271666 0.000000  0.286147
	#TM_ROTQUAT -0.000000 -0.675590 0.000000 0.737277
	#TM_SCALEQUAT -0.000000 -0.062208 0.051775 0.737277
	#TM_SCALE 1.000000 1.000000 1.000000

#Name Bip01LUpperArm 23
#ParentName Bip01LClavicle 19
#Node_TM
	#TM_ROW0 0.703300  -0.652895  -0.281243  0.000000
	#TM_ROW1 -0.059670  0.340007  -0.938528  0.000000
	#TM_ROW2 0.708385  0.676849  0.200168  0.000000
	#TM_ROW3 0.355200  2.362063  -0.486988  1.000000
	#TM_POS 0.263585 -0.000000  -0.000000
	#TM_ROTQUAT -0.381352 -0.129338 -0.160367 0.901180
	#TM_SCALEQUAT 0.030985 -0.017553 0.158606 0.901180
	#TM_SCALE 1.000000 1.000000 1.000000

#Name Bip01RUpperArm 24
#ParentName Bip01RClavicle 20
#Node_TM
	#TM_ROW0 -0.749165  -0.627702  0.211524  0.000000
	#TM_ROW1 0.662231  -0.702923  0.259518  0.000000
	#TM_ROW2 -0.014215  0.334500  0.942289  0.000000
	#TM_ROW3 -0.132172  2.504002  0.553926  1.000000
	#TM_POS 0.263585 0.000000  -0.000000
	#TM_ROTQUAT 0.414459 0.579268 0.093941 0.695592
	#TM_SCALEQUAT -0.000000 0.113673 -0.056837 0.695592
	#TM_SCALE 1.000000 1.000000 1.000000

#Name Bip01LForeArm 25
#ParentName Bip01LUpperArm 23
#Node_TM
	#TM_ROW0 0.009512  -0.939967  -0.341133  0.000000
	#TM_ROW1 -0.059670  0.340007  -0.938528  0.000000
	#TM_ROW2 0.998173  0.029283  -0.052854  0.000000
	#TM_ROW3 0.760492  1.985818  -0.649061  1.000000
	#TM_POS 0.576272 0.000000  0.000000
	#TM_ROTQUAT -0.000000 0.376610 -0.000000 0.926372
	#TM_SCALEQUAT 0.000000 0.379456 -0.061208 0.926372
	#TM_SCALE 1.000000 1.000000 1.000000

#Name Bip01LForeTwist 26
#ParentName Bip01LUpperArm 23
#Node_TM
	#TM_ROW0 0.009512  -0.939967  -0.341133  0.000000
	#TM_ROW1 0.386821  0.318048  -0.865572  0.000000
	#TM_ROW2 0.922106  -0.123724  0.366624  0.000000
	#TM_ROW3 0.760492  1.985818  -0.649061  1.000000
	#TM_POS 0.576272 0.000000  0.000000
	#TM_ROTQUAT 0.209798 0.366824 -0.085292 0.902303
	#TM_SCALEQUAT -0.074830 -0.366217 -0.247769 0.902303
	#TM_SCALE 1.000000 1.000000 1.000000

#Name Bip01RForeArm 27
#ParentName Bip01RUpperArm 24
#Node_TM
	#TM_ROW0 -0.616780  -0.708039  -0.343893  0.000000
	#TM_ROW1 0.662231  -0.702923  0.259518  0.000000
	#TM_ROW2 -0.425479  -0.067671  0.902435  0.000000
	#TM_ROW3 -0.563894  2.142275  0.675821  1.000000
	#TM_POS 0.576272 0.000000  -0.000000
	#TM_ROTQUAT -0.000000 0.288300 -0.000000 0.957540
	#TM_SCALEQUAT 0.000000 -0.001130 0.240074 0.957540
	#TM_SCALE 1.000000 1.000000 1.000000

#Name Bip01RForeTwist 28
#ParentName Bip01RUpperArm 24
#Node_TM
	#TM_ROW0 -0.616780  -0.708039  -0.343893  0.000000
	#TM_ROW1 0.776819  -0.618032  -0.120780  0.000000
	#TM_ROW2 -0.127020  -0.341638  0.931209  0.000000
	#TM_ROW3 -0.563894  2.142275  0.675821  1.000000
	#TM_POS 0.576272 0.000000  -0.000000
	#TM_ROTQUAT -0.194456 0.282293 0.058548 0.937587
	#TM_SCALEQUAT 0.124498 -0.167130 0.100287 0.937587
	#TM_SCALE 1.000000 1.000000 1.000000

#Name Bip01LHand 29
#ParentName Bip01LForeArm 25
#Node_TM
	#TM_ROW0 -0.189216  -0.848586  -0.494064  0.000000
	#TM_ROW1 -0.192724  -0.461272  0.866075  0.000000
	#TM_ROW2 -0.962837  0.259093  -0.076263  0.000000
	#TM_ROW3 0.765110  1.529410  -0.814701  1.000000
	#TM_POS 0.485558 0.000000  0.000000
	#TM_ROTQUAT -0.983872 -0.082012 0.105269 0.119115
	#TM_SCALEQUAT -0.000000 0.003165 0.139703 0.119115
	#TM_SCALE 1.000000 1.000000 1.000000

#Name Bip01LForeTwist1 30
#ParentName Bip01LForeTwist 26
#Node_TM
	#TM_ROW0 0.009512  -0.939967  -0.341133  0.000000
	#TM_ROW1 0.753952  0.230838  -0.615036  0.000000
	#TM_ROW2 0.656860  -0.251348  0.710886  0.000000
	#TM_ROW3 0.762031  1.833682  -0.704274  1.000000
	#TM_POS 0.161852 0.000000  0.000000
	#TM_ROTQUAT 0.226473 0.000000 -0.000000 0.974018
	#TM_SCALEQUAT -0.118049 -0.000000 -0.182938 0.974018
	#TM_SCALE 1.000000 1.000000 1.000000

#Name Bip01RHand 31
#ParentName Bip01RForeArm 27
#Node_TM
	#TM_ROW0 -0.509759  -0.816191  -0.271989  0.000000
	#TM_ROW1 -0.780169  0.571809  -0.253716  0.000000
	#TM_ROW2 0.362606  0.082863  -0.928251  0.000000
	#TM_ROW3 -0.863377  1.798482  0.508841  1.000000
	#TM_POS 0.485557 -0.000000  0.000000
	#TM_ROTQUAT -0.995973 -0.082617 -0.015957 -0.030951
	#TM_SCALEQUAT -0.000000 -0.000000 -0.000000 -0.030951
	#TM_SCALE 1.000000 1.000000 1.000000

#Name Bip01RForeTwist1 32
#ParentName Bip01RForeTwist 28
#Node_TM
	#TM_ROW0 -0.616780  -0.708039  -0.343893  0.000000
	#TM_ROW1 0.763261  -0.431189  -0.481155  0.000000
	#TM_ROW2 0.192394  -0.559246  0.806367  0.000000
	#TM_ROW3 -0.663722  2.027678  0.620161  1.000000
	#TM_POS 0.161852 0.000000  0.000000
	#TM_ROTQUAT -0.203079 0.000000 0.000000 0.979162
	#TM_SCALEQUAT 0.084785 -0.163933 -0.048930 0.979162
	#TM_SCALE 1.000000 1.000000 1.000000

#Name Bip01LFinger0 33
#ParentName Bip01LHand 29
#Node_TM
	#TM_ROW0 -0.544535  -0.713110  -0.441539  0.000000
	#TM_ROW1 -0.012755  -0.519330  0.854479  0.000000
	#TM_ROW2 -0.838642  0.470925  0.273697  0.000000
	#TM_ROW3 0.744864  1.341902  -0.915382  1.000000
	#TM_POS 0.212690 0.003196  -0.021410
	#TM_ROTQUAT -0.094406 -0.191781 0.007814 0.976855
	#TM_SCALEQUAT -0.279000 -0.092712 -0.068709 0.976855
	#TM_SCALE 1.000000 1.000000 1.000000

#Name Bip01LForeTwist2 34
#ParentName Bip01LForeTwist1 30
#Node_TM
	#TM_ROW0 0.009512  -0.939967  -0.341133  0.000000
	#TM_ROW1 0.966404  0.096270  -0.238320  0.000000
	#TM_ROW2 0.256854  -0.327405  0.909303  0.000000
	#TM_ROW3 0.763571  1.681546  -0.759487  1.000000
	#TM_POS 0.161853 -0.000000  0.000000
	#TM_ROTQUAT 0.226472 0.000000 0.000000 0.974018
	#TM_SCALEQUAT -0.114430 0.028778 -0.000000 0.974018
	#TM_SCALE 1.000000 1.000000 1.000000

#Name Bip01RFinger0 35
#ParentName Bip01RHand 31
#Node_TM
	#TM_ROW0 -0.296710  -0.754563  -0.585320  0.000000
	#TM_ROW1 -0.687524  0.594173  -0.417456  0.000000
	#TM_ROW2 0.662777  0.278558  -0.695077  0.000000
	#TM_ROW3 -0.977068  1.621284  0.471676  1.000000
	#TM_POS 0.212690 -0.003196  -0.021410
	#TM_ROTQUAT 0.094406 -0.191781 -0.007814 0.976855
	#TM_SCALEQUAT 0.283656 -0.164372 0.163515 0.976855
	#TM_SCALE 1.000000 1.000000 1.000000

#Name Bip01RForeTwist2 36
#ParentName Bip01RForeTwist1 32
#Node_TM
	#TM_ROW0 -0.616780  -0.708039  -0.343893  0.000000
	#TM_ROW1 0.623792  -0.173214  -0.762155  0.000000
	#TM_ROW2 0.480069  -0.684600  0.548504  0.000000
	#TM_ROW3 -0.763549  1.913080  0.564501  1.000000
	#TM_POS 0.161853 -0.000000  0.000000
	#TM_ROTQUAT -0.203079 -0.000000 0.000000 0.979162
	#TM_SCALEQUAT -0.198986 -0.110461 0.042652 0.979162
	#TM_SCALE 1.000000 1.000000 1.000000

#Name Bip01LFinger01 37
#ParentName Bip01LFinger0 33
#Node_TM
	#TM_ROW0 -0.985093  0.153136  0.078367  0.000000
	#TM_ROW1 -0.012755  -0.519330  0.854479  0.000000
	#TM_ROW2 0.171551  0.840741  0.513542  0.000000
	#TM_ROW3 0.666550  1.239344  -0.978884  1.000000
	#TM_POS 0.143819 0.000000  -0.000000
	#TM_ROTQUAT -0.000000 -0.551085 0.000000 0.834449
	#TM_SCALEQUAT -0.024358 0.001328 -0.018096 0.834449
	#TM_SCALE 1.000000 1.000000 1.000000

#Name Bip01RFinger01 38
#ParentName Bip01RFinger0 35
#Node_TM
	#TM_ROW0 -0.296710  -0.754563  -0.585320  0.000000
	#TM_ROW1 -0.687524  0.594173  -0.417456  0.000000
	#TM_ROW2 0.662777  0.278558  -0.695077  0.000000
	#TM_ROW3 -1.019740  1.512764  0.387496  1.000000
	#TM_POS 0.143819 0.000000  0.000000
	#TM_ROTQUAT -0.000000 0.000000 0.000000 1.000000
	#TM_SCALEQUAT 0.131423 -0.171207 -0.000000 1.000000
	#TM_SCALE 1.000000 1.000000 1.000000

**********SubsetTable**********
SubsetID: 0 -1 -2 VertexWStart: 0 VertexWCount: 24 FaceStart: 0 FaceCount: 12
SubsetID: 2 -1 -2 VertexWStart: 165 VertexWCount: 6 FaceStart: 95 FaceCount: 8
SubsetID: 6 -1 -2 VertexWStart: 1156 VertexWCount: 9 FaceStart: 1423 FaceCount: 8
SubsetID: 7 -1 -2 VertexWStart: 1165 VertexWCount: 24 FaceStart: 1431 FaceCount: 12
SubsetID: 8 -1 -2 VertexWStart: 1189 VertexWCount: 48 FaceStart: 1443 FaceCount: 24
SubsetID: 9 -1 -2 VertexWStart: 1237 VertexWCount: 40 FaceStart: 1467 FaceCount: 28
SubsetID: 10 -1 -2 VertexWStart: 1277 VertexWCount: 40 FaceStart: 1495 FaceCount: 28
SubsetID: 11 -1 -2 VertexWStart: 1317 VertexWCount: 24 FaceStart: 1523 FaceCount: 12
SubsetID: 12 -1 -2 VertexWStart: 1341 VertexWCount: 48 FaceStart: 1535 FaceCount: 24
SubsetID: 13 -1 -2 VertexWStart: 1389 VertexWCount: 32 FaceStart: 1559 FaceCount: 20
SubsetID: 14 -1 -2 VertexWStart: 1421 VertexWCount: 32 FaceStart: 1579 FaceCount: 20
SubsetID: 15 -1 -2 VertexWStart: 1453 VertexWCount: 24 FaceStart: 1599 FaceCount: 12
SubsetID: 16 -1 -2 VertexWStart: 1477 VertexWCount: 24 FaceStart: 1611 FaceCount: 12
SubsetID: 17 -1 -2 VertexWStart: 1501 VertexWCount: 24 FaceStart: 1623 FaceCount: 12
SubsetID: 18 -1 -2 VertexWStart: 1525 VertexWCount: 130 FaceStart: 1635 FaceCount: 70
SubsetID: 19 -1 -2 VertexWStart: 1655 VertexWCount: 24 FaceStart: 1705 FaceCount: 12
SubsetID: 20 -1 -2 VertexWStart: 1679 VertexWCount: 24 FaceStart: 1717 FaceCount: 12
SubsetID: 21 -1 -2 VertexWStart: 1703 VertexWCount: 24 FaceStart: 1729 FaceCount: 12
SubsetID: 22 -1 -2 VertexWStart: 1727 VertexWCount: 24 FaceStart: 1741 FaceCount: 12
SubsetID: 23 -1 -2 VertexWStart: 1751 VertexWCount: 40 FaceStart: 1753 FaceCount: 28
SubsetID: 24 -1 -2 VertexWStart: 1791 VertexWCount: 40 FaceStart: 1781 FaceCount: 28
SubsetID: 25 -1 -2 VertexWStart: 1831 VertexWCount: 32 FaceStart: 1809 FaceCount: 20
SubsetID: 26 -1 -2 VertexWStart: 1863 VertexWCount: 24 FaceStart: 1829 FaceCount: 12
SubsetID: 27 -1 -2 VertexWStart: 1887 VertexWCount: 32 FaceStart: 1841 FaceCount: 20
SubsetID: 28 -1 -2 VertexWStart: 1919 VertexWCount: 24 FaceStart: 1861 FaceCount: 12
SubsetID: 29 -1 -2 VertexWStart: 1943 VertexWCount: 24 FaceStart: 1873 FaceCount: 12
SubsetID: 30 -1 -2 VertexWStart: 1967 VertexWCount: 24 FaceStart: 1885 FaceCount: 12
SubsetID: 31 -1 -2 VertexWStart: 1991 VertexWCount: 24 FaceStart: 1897 FaceCount: 12
SubsetID: 32 -1 -2 VertexWStart: 2015 VertexWCount: 24 FaceStart: 1909 FaceCount: 12
SubsetID: 33 -1 -2 VertexWStart: 2039 VertexWCount: 24 FaceStart: 1921 FaceCount: 12
SubsetID: 34 -1 -2 VertexWStart: 2063 VertexWCount: 24 FaceStart: 1933 FaceCount: 12
SubsetID: 35 -1 -2 VertexWStart: 2087 VertexWCount: 24 FaceStart: 1945 FaceCount: 12
SubsetID: 36 -1 -2 VertexWStart: 2111 VertexWCount: 24 FaceStart: 1957 FaceCount: 12
SubsetID: 37 -1 -2 VertexWStart: 2135 VertexWCount: 24 FaceStart: 1969 FaceCount: 12
SubsetID: 38 -1 -2 VertexWStart: 2159 VertexWCount: 24 FaceStart: 1981 FaceCount: 12
SubsetID: 1 0 -1 VertexWStart: 24 VertexWCount: 141 FaceStart: 12 FaceCount: 83
SubsetID: 3 1 -1 VertexWStart: 171 VertexWCount: 97 FaceStart: 103 FaceCount: 128
SubsetID: 4 1 -1 VertexWStart: 268 VertexWCount: 97 FaceStart: 231 FaceCount: 128
SubsetID: 5 1 -1 VertexWStart: 365 VertexWCount: 791 FaceStart: 359 FaceCount: 1064

**********Vertices**********
Position: -0.510282 -0.000000 -0.266712
Normal: 0.000000 -1.000000 0.000000
Color: 1.000000 1.000000 1.000000 1.000000
Tex-Coords: 0.000000 0.000000
WeightNum: 1 Index0 0 1.000000

Position: 0.774129 0.000000 0.750311
Normal: 0.000000 -1.000000 0.000000
Color: 1.000000 1.000000 1.000000 1.000000
Tex-Coords: 0.000000 0.000000
WeightNum: 1 Index0 0 1.000000

Position: -0.510282 0.000000 0.750311
Normal: 0.000000 -1.000000 0.000000
Color: 1.000000 1.000000 1.000000 1.000000
Tex-Coords: 0.000000 0.000000
WeightNum: 1 Index0 0 1.000000

Position: 0.774129 -0.000000 -0.266712
Normal: 0.000000 -1.000000 0.000000
Color: 1.000000 1.000000 1.000000 1.000000
Tex-Coords: 0.000000 0.000000
WeightNum: 1 Index0 0 1.000000

Position: -0.510282 3.080211 -0.266712
Normal: 0.000000 1.000000 0.000000
Color: 1.000000 1.000000 1.000000 1.000000
Tex-Coords: 0.000000 0.000000
WeightNum: 1 Index0 0 1.000000

Position: 0.774129 3.080211 0.750311
Normal: 0.000000 1.000000 0.000000
Color: 1.000000 1.000000 1.000000 1.000000
Tex-Coords: 0.000000 0.000000
WeightNum: 1 Index0 0 1.000000

Position: 0.774129 3.080211 -0.266712
Normal: 0.000000 1.000000 -0.000000
Color: 1.000000 1.000000 1.000000 1.000000
Tex-Coords: 0.000000 0.000000
WeightNum: 1 Index0 0 1.000000

Position: -0.510282 3.080211 0.750311
Normal: -0.000000 1.000000 0.000000
Color: 1.000000 1.000000 1.000000 1.000000
Tex-Coords: 0.000000 0.000000
WeightNum: 1 Index0 0 1.000000

Position: -0.510282 -0.000000 -0.266712
Normal: 0.000000 -0.000000 -1.000000
Color: 1.000000 1.000000 1.000000 1.000000
Tex-Coords: 0.000000 0.000000
WeightNum: 1 Index0 0 1.000000

Position: 0.774129 3.080211 -0.266712
Normal: 0.000000 -0.000000 -1.000000
Color: 1.000000 1.000000 1.000000 1.000000
Tex-Coords: 0.000000 0.000000
WeightNum: 1 Index0 0 1.000000

Position: 0.774129 -0.000000 -0.266712
Normal: -0.000000 -0.000000 -1.000000
Color: 1.000000 1.000000 1.000000 1.000000
Tex-Coords: 0.000000 0.000000
WeightNum: 1 Index0 0 1.000000

Position: -0.510282 3.080211 -0.266712
Normal: 0.000000 -0.000000 -1.000000
Color: 1.000000 1.000000 1.000000 1.000000
Tex-Coords: 0.000000 0.000000
WeightNum: 1 Index0 0 1.000000

Position: 0.774129 -0.000000 -0.266712
Normal: 1.000000 -0.000000 -0.000000
Color: 1.000000 1.000000 1.000000 1.000000
Tex-Coords: 0.000000 0.000000
WeightNum: 1 Index0 0 1.000000

Position: 0.774129 3.080211 0.750311
Normal: 1.000000 -0.000000 -0.000000
Color: 1.000000 1.000000 1.000000 1.000000
Tex-Coords: 0.000000 0.000000
WeightNum: 1 Index0 0 1.000000

Position: 0.774129 0.000000 0.750311
Normal: 1.000000 -0.000000 -0.000000
Color: 1.000000 1.000000 1.000000 1.000000
Tex-Coords: 0.000000 0.000000
WeightNum: 1 Index0 0 1.000000

Position: 0.774129 3.080211 -0.266712
Normal: 1.000000 -0.000000 -0.000000
Color: 1.000000 1.000000 1.000000 1.000000
Tex-Coords: 0.000000 0.000000
WeightNum: 1 Index0 0 1.000000

Position: 0.774129 0.000000 0.750311
Normal: 0.000000 0.000000 1.000000
Color: 1.000000 1.000000 1.000000 1.000000
Tex-Coords: 0.000000 0.000000
WeightNum: 1 Index0 0 1.000000

Position: -0.510282 3.080211 0.750311
Normal: 0.000000 0.000000 1.000000
Color: 1.000000 1.000000 1.000000 1.000000
Tex-Coords: 0.000000 0.000000
WeightNum: 1 Index0 0 1.000000

Position: -0.510282 0.000000 0.750311
Normal: -0.000000 0.000000 1.000000
Color: 1.000000 1.000000 1.000000 1.000000
Tex-Coords: 0.000000 0.000000
WeightNum: 1 Index0 0 1.000000

Position: 0.774129 3.080211 0.750311
Normal: 0.000000 0.000000 1.000000
Color: 1.000000 1.000000 1.000000 1.000000
Tex-Coords: 0.000000 0.000000
WeightNum: 1 Index0 0 1.000000

Position: -0.510282 0.000000 0.750311
Normal: -1.000000 0.000000 0.000000
Color: 1.000000 1.000000 1.000000 1.000000
Tex-Coords: 0.000000 0.000000
WeightNum: 1 Index0 0 1.000000

Position: -0.510282 3.080211 -0.266712
Normal: -1.000000 0.000000 0.000000
Color: 1.000000 1.000000 1.000000 1.000000
Tex-Coords: 0.000000 0.000000
WeightNum: 1 Index0 0 1.000000

Position: -0.510282 -0.000000 -0.266712
Normal: -1.000000 0.000000 0.000000
Color: 1.000000 1.000000 1.000000 1.000000
Tex-Coords: 0.000000 0.000000
WeightNum: 1 Index0 0 1.000000

Position: -0.510282 3.080211 0.750311
Normal: -1.000000 0.000000 0.000000
Color: 1.000000 1.000000 1.000000 1.000000
Tex-Coords: 0.000000 0.000000
WeightNum: 1 Index0 0 1.000000

Position: -0.303773 1.451963 0.166823
Normal: -0.959969 -0.139429 -0.242940
Color: 1.000000 1.000000 1.000000 1.000000
Tex-Coords: 0.089666 0.779008
WeightNum: 1 Index0 8 1.000000

Position: -0.116910 1.432439 -0.290163
Normal: -0.696658 -0.534197 -0.478854
Color: 1.000000 1.000000 1.000000 1.000000
Tex-Coords: 0.089711 0.996894
WeightNum: 1 Index0 8 1.000000

Position: 0.276258 1.454605 0.136577
Normal: 0.853013 -0.419578 0.310360
Color: 1.000000 1.000000 1.000000 1.000000
Tex-Coords: 0.407556 0.211301
WeightNum: 1 Index0 8 1.000000

Position: 0.335418 1.457480 -0.320194
Normal: 0.904440 0.135353 -0.404558
Color: 1.000000 1.000000 1.000000 1.000000
Tex-Coords: 0.406146 0.284485
WeightNum: 1 Index0 8 1.000000

Position: 0.045708 2.212407 -0.546698
Normal: -0.534625 -0.045051 -0.843888
Color: 1.000000 1.000000 1.000000 1.000000
Tex-Coords: 0.407556 0.211301
WeightNum: 1 Index0 19 1.000000

Position: 0.456464 2.257308 -0.331759
Normal: 0.875403 0.113338 0.469919
Color: 1.000000 1.000000 1.000000 1.000000
Tex-Coords: 0.426220 0.226395
WeightNum: 1 Index0 19 1.000000

Position: -0.116910 1.432439 -0.290163
Normal: -0.696658 -0.534197 -0.478854
Color: 1.000000 1.000000 1.000000 1.000000
Tex-Coords: 0.367151 0.275965
WeightNum: 1 Index0 8 1.000000

Position: -0.128042 2.545588 -0.105265
Normal: -0.885233 -0.075137 -0.459039
Color: 1.000000 1.000000 1.000000 1.000000
Tex-Coords: 0.362150 0.197756
WeightNum: 1 Index0 12 1.000000

Position: -0.128042 2.545588 -0.105265
Normal: -0.885233 -0.075137 -0.459039
Color: 1.000000 1.000000 1.000000 1.000000
Tex-Coords: 0.621287 0.283325
WeightNum: 1 Index0 12 1.000000

Position: -0.000123 2.630625 -0.160977
Normal: 0.112183 0.282994 -0.952538
Color: 1.000000 1.000000 1.000000 1.000000
Tex-Coords: 0.359735 0.071537
WeightNum: 1 Index0 12 1.000000

Position: 0.203740 2.610753 -0.498149
Normal: 0.069348 0.889447 -0.451747
Color: 1.000000 1.000000 1.000000 1.000000
Tex-Coords: 0.421185 0.102123
WeightNum: 1 Index0 19 1.000000

Position: 0.045708 2.212407 -0.546698
Normal: -0.534625 -0.045051 -0.843888
Color: 1.000000 1.000000 1.000000 1.000000
Tex-Coords: 0.414626 0.146345
WeightNum: 1 Index0 19 1.000000

Position: -0.128042 2.545588 -0.105265
Normal: -0.885233 -0.075137 -0.459039
Color: 1.000000 1.000000 1.000000 1.000000
Tex-Coords: 0.357075 0.116440
WeightNum: 1 Index0 12 1.000000

Position: 0.203740 2.610753 -0.498149
Normal: 0.069348 0.889447 -0.451747
Color: 1.000000 1.000000 1.000000 1.000000
Tex-Coords: 0.630024 0.076839
WeightNum: 1 Index0 19 1.000000

Position: -0.000123 2.630625 -0.160977
Normal: 0.112183 0.282994 -0.952538
Color: 1.000000 1.000000 1.000000 1.000000
Tex-Coords: 0.560776 0.070220
WeightNum: 1 Index0 12 1.000000

Position: 0.120302 2.407998 0.041718
Normal: 0.851387 0.390986 0.349671
Color: 1.000000 1.000000 1.000000 1.000000
Tex-Coords: 0.555270 0.143309
WeightNum: 1 Index0 12 1.000000

Position: 0.456464 2.257308 -0.331759
Normal: 0.875403 0.113338 0.469919
Color: 1.000000 1.000000 1.000000 1.000000
Tex-Coords: 0.626096 0.150012
WeightNum: 1 Index0 19 1.000000

Position: 0.120302 2.407998 0.041718
Normal: 0.851387 0.390986 0.349671
Color: 1.000000 1.000000 1.000000 1.000000
Tex-Coords: 0.559765 0.280861
WeightNum: 1 Index0 12 1.000000

Position: 0.335418 1.457480 -0.320194
Normal: 0.904440 0.135353 -0.404558
Color: 1.000000 1.000000 1.000000 1.000000
Tex-Coords: 0.621287 0.283325
WeightNum: 1 Index0 8 1.000000

Position: 0.456464 2.257308 -0.331759
Normal: 0.875403 0.113338 0.469919
Color: 1.000000 1.000000 1.000000 1.000000
Tex-Coords: 0.622877 0.216860
WeightNum: 1 Index0 19 1.000000

Position: 0.335418 1.457480 -0.320194
Normal: 0.904440 0.135353 -0.404558
Color: 1.000000 1.000000 1.000000 1.000000
Tex-Coords: 0.622877 0.216860
WeightNum: 1 Index0 8 1.000000

Position: 0.120302 2.407998 0.041718
Normal: 0.851387 0.390986 0.349671
Color: 1.000000 1.000000 1.000000 1.000000
Tex-Coords: 0.557474 0.224383
WeightNum: 1 Index0 12 1.000000

Position: 0.276258 1.454605 0.136577
Normal: 0.853013 -0.419578 0.310360
Color: 1.000000 1.000000 1.000000 1.000000
Tex-Coords: 0.559765 0.280861
WeightNum: 1 Index0 8 1.000000

Position: 0.418850 -0.004636 -0.837751
Normal: -0.219954 -0.649813 -0.727574
Color: 1.000000 1.000000 1.000000 1.000000
Tex-Coords: 0.828920 0.999500
WeightNum: 1 Index0 13 1.000000

Position: 0.615020 0.006383 -0.676636
Normal: 0.854666 -0.464254 0.232411
Color: 1.000000 1.000000 1.000000 1.000000
Tex-Coords: 0.780709 0.999500
WeightNum: 1 Index0 13 1.000000

Position: 0.396549 0.018768 -0.628300
Normal: -0.474457 -0.536547 0.697859
Color: 1.000000 1.000000 1.000000 1.000000
Tex-Coords: 0.529218 0.999500
WeightNum: 1 Index0 13 1.000000

Position: 0.421270 0.840507 -0.767501
Normal: 0.947870 0.156924 -0.277338
Color: 1.000000 1.000000 1.000000 1.000000
Tex-Coords: 0.244954 0.430717
WeightNum: 1 Index0 9 1.000000

Position: 0.615020 0.006383 -0.676636
Normal: 0.854666 -0.464254 0.232411
Color: 1.000000 1.000000 1.000000 1.000000
Tex-Coords: 0.250961 0.611910
WeightNum: 1 Index0 13 1.000000

Position: 0.418850 -0.004636 -0.837751
Normal: -0.219954 -0.649813 -0.727574
Color: 1.000000 1.000000 1.000000 1.000000
Tex-Coords: 0.216976 0.594562
WeightNum: 1 Index0 13 1.000000

Position: 0.094426 1.017769 -0.922803
Normal: -0.536355 0.262630 -0.802090
Color: 1.000000 1.000000 1.000000 1.000000
Tex-Coords: 0.202235 0.430733
WeightNum: 1 Index0 9 1.000000

Position: 0.235746 0.733008 -0.549840
Normal: -0.293263 -0.402279 0.867276
Color: 1.000000 1.000000 1.000000 1.000000
Tex-Coords: 0.296590 0.430731
WeightNum: 1 Index0 9 1.000000

Position: 0.396549 0.018768 -0.628300
Normal: -0.474457 -0.536547 0.697859
Color: 1.000000 1.000000 1.000000 1.000000
Tex-Coords: 0.285087 0.613830
WeightNum: 1 Index0 13 1.000000

Position: 0.235746 0.733008 -0.549840
Normal: -0.293263 -0.402279 0.867276
Color: 1.000000 1.000000 1.000000 1.000000
Tex-Coords: 0.244874 0.430748
WeightNum: 1 Index0 9 1.000000

Position: 0.396549 0.018768 -0.628300
Normal: -0.474457 -0.536547 0.697859
Color: 1.000000 1.000000 1.000000 1.000000
Tex-Coords: 0.250855 0.611796
WeightNum: 1 Index0 13 1.000000

Position: 0.799990 2.033695 -0.784298
Normal: 0.595800 0.342856 -0.726272
Color: 1.000000 1.000000 1.000000 1.000000
Tex-Coords: 0.369834 0.467738
WeightNum: 1 Index0 23 1.000000

Position: 0.203740 2.610753 -0.498149
Normal: 0.069348 0.889447 -0.451747
Color: 1.000000 1.000000 1.000000 1.000000
Tex-Coords: 0.354402 0.417550
WeightNum: 1 Index0 19 1.000000

Position: 0.456464 2.257308 -0.331759
Normal: 0.875403 0.113338 0.469919
Color: 1.000000 1.000000 1.000000 1.000000
Tex-Coords: 0.335259 0.455546
WeightNum: 1 Index0 19 1.000000

Position: 0.805979 1.994048 -0.543897
Normal: 0.683885 -0.078939 0.725307
Color: 1.000000 1.000000 1.000000 1.000000
Tex-Coords: 0.314947 0.491942
WeightNum: 1 Index0 23 1.000000

Position: 0.799990 2.033695 -0.784298
Normal: 0.595800 0.342856 -0.726272
Color: 1.000000 1.000000 1.000000 1.000000
Tex-Coords: 0.386351 0.684492
WeightNum: 1 Index0 23 1.000000

Position: 0.805979 1.994048 -0.543897
Normal: 0.683885 -0.078939 0.725307
Color: 1.000000 1.000000 1.000000 1.000000
Tex-Coords: 0.341324 0.685200
WeightNum: 1 Index0 23 1.000000

Position: 0.723123 1.298657 -0.698666
Normal: -0.037340 -0.678658 0.733505
Color: 1.000000 1.000000 1.000000 1.000000
Tex-Coords: 0.346347 0.715368
WeightNum: 1 Index0 30 1.000000

Position: 0.777448 1.316911 -0.858007
Normal: 0.621849 -0.612755 -0.487684
Color: 1.000000 1.000000 1.000000 1.000000
Tex-Coords: 0.385694 0.714624
WeightNum: 1 Index0 30 1.000000

Position: 0.682164 1.903813 -0.724147
Normal: -0.864634 -0.382274 -0.325998
Color: 1.000000 1.000000 1.000000 1.000000
Tex-Coords: 0.408225 0.468321
WeightNum: 1 Index0 23 1.000000

Position: 0.045708 2.212407 -0.546698
Normal: -0.534625 -0.045051 -0.843888
Color: 1.000000 1.000000 1.000000 1.000000
Tex-Coords: 0.379329 0.387079
WeightNum: 1 Index0 19 1.000000

Position: 0.682164 1.903813 -0.724147
Normal: -0.864634 -0.382274 -0.325998
Color: 1.000000 1.000000 1.000000 1.000000
Tex-Coords: 0.424515 0.683707
WeightNum: 1 Index0 23 1.000000

Position: 0.651104 1.376735 -0.899613
Normal: -0.653617 -0.174145 -0.736518
Color: 1.000000 1.000000 1.000000 1.000000
Tex-Coords: 0.423693 0.717787
WeightNum: 1 Index0 30 1.000000

Position: 0.805979 1.994048 -0.543897
Normal: 0.683885 -0.078939 0.725307
Color: 1.000000 1.000000 1.000000 1.000000
Tex-Coords: 0.369757 0.467695
WeightNum: 1 Index0 23 1.000000

Position: 0.456464 2.257308 -0.331759
Normal: 0.875403 0.113338 0.469919
Color: 1.000000 1.000000 1.000000 1.000000
Tex-Coords: 0.379321 0.387064
WeightNum: 1 Index0 19 1.000000

Position: 0.045708 2.212407 -0.546698
Normal: -0.534625 -0.045051 -0.843888
Color: 1.000000 1.000000 1.000000 1.000000
Tex-Coords: 0.407956 0.468308
WeightNum: 1 Index0 19 1.000000

Position: 0.805979 1.994048 -0.543897
Normal: 0.683885 -0.078939 0.725307
Color: 1.000000 1.000000 1.000000 1.000000
Tex-Coords: 0.407556 0.211301
WeightNum: 1 Index0 23 1.000000

Position: 0.805979 1.994048 -0.543897
Normal: 0.683885 -0.078939 0.725307
Color: 1.000000 1.000000 1.000000 1.000000
Tex-Coords: 0.386323 0.684392
WeightNum: 1 Index0 23 1.000000

Position: 0.723123 1.298657 -0.698666
Normal: -0.037340 -0.678658 0.733505
Color: 1.000000 1.000000 1.000000 1.000000
Tex-Coords: 0.385512 0.714659
WeightNum: 1 Index0 30 1.000000

Position: 0.805979 1.994048 -0.543897
Normal: 0.683885 -0.078939 0.725307
Color: 1.000000 1.000000 1.000000 1.000000
Tex-Coords: 0.368897 0.374463
WeightNum: 1 Index0 23 1.000000

Position: -0.000123 2.630625 -0.160977
Normal: 0.112183 0.282994 -0.952538
Color: 1.000000 1.000000 1.000000 1.000000
Tex-Coords: 0.786604 0.198510
WeightNum: 1 Index0 12 1.000000

Position: -0.128042 2.545588 -0.105265
Normal: -0.885233 -0.075137 -0.459039
Color: 1.000000 1.000000 1.000000 1.000000
Tex-Coords: 0.729855 0.230104
WeightNum: 1 Index0 12 1.000000

Position: -0.313631 2.821228 -0.314037
Normal: -0.495930 0.112193 -0.861084
Color: 1.000000 1.000000 1.000000 1.000000
Tex-Coords: 0.725872 0.205259
WeightNum: 1 Index0 12 1.000000

Position: -0.000123 2.630625 -0.160977
Normal: 0.112183 0.282994 -0.952538
Color: 1.000000 1.000000 1.000000 1.000000
Tex-Coords: 0.813438 0.162093
WeightNum: 1 Index0 12 1.000000

Position: -0.313631 2.821228 -0.314037
Normal: -0.495930 0.112193 -0.861084
Color: 1.000000 1.000000 1.000000 1.000000
Tex-Coords: 0.821985 0.118143
WeightNum: 1 Index0 12 1.000000

Position: 0.042854 2.968273 -0.227650
Normal: 0.496877 0.686661 -0.530670
Color: 1.000000 1.000000 1.000000 1.000000
Tex-Coords: 0.854928 0.107304
WeightNum: 1 Index0 12 1.000000

Position: 0.394016 2.327796 -0.031099
Normal: 0.848556 0.509280 0.143481
Color: 1.000000 1.000000 1.000000 1.000000
Tex-Coords: 0.866038 0.146685
WeightNum: 1 Index0 12 1.000000

Position: 0.651104 1.376735 -0.899613
Normal: -0.653617 -0.174145 -0.736518
Color: 1.000000 1.000000 1.000000 1.000000
Tex-Coords: 0.151552 0.844210
WeightNum: 1 Index0 30 1.000000

Position: 0.777448 1.316911 -0.858007
Normal: 0.621849 -0.612755 -0.487684
Color: 1.000000 1.000000 1.000000 1.000000
Tex-Coords: 0.177397 0.842958
WeightNum: 1 Index0 30 1.000000

Position: 0.723123 1.298657 -0.698666
Normal: -0.037340 -0.678658 0.733505
Color: 1.000000 1.000000 1.000000 1.000000
Tex-Coords: 0.147290 0.914180
WeightNum: 1 Index0 30 1.000000

Position: 0.335418 1.457480 -0.320194
Normal: 0.904440 0.135353 -0.404558
Color: 1.000000 1.000000 1.000000 1.000000
Tex-Coords: 0.213163 0.065839
WeightNum: 1 Index0 8 1.000000

Position: 0.276258 1.454605 0.136577
Normal: 0.853013 -0.419578 0.310360
Color: 1.000000 1.000000 1.000000 1.000000
Tex-Coords: 0.151164 0.053179
WeightNum: 1 Index0 8 1.000000

Position: 0.235746 0.733008 -0.549840
Normal: -0.293263 -0.402279 0.867276
Color: 1.000000 1.000000 1.000000 1.000000
Tex-Coords: 0.140780 0.185560
WeightNum: 1 Index0 9 1.000000

Position: 0.421270 0.840507 -0.767501
Normal: 0.947870 0.156924 -0.277338
Color: 1.000000 1.000000 1.000000 1.000000
Tex-Coords: 0.210740 0.184321
WeightNum: 1 Index0 9 1.000000

Position: 0.094426 1.017769 -0.922803
Normal: -0.536355 0.262630 -0.802090
Color: 1.000000 1.000000 1.000000 1.000000
Tex-Coords: 0.270742 0.183140
WeightNum: 1 Index0 9 1.000000

Position: -0.116910 1.432439 -0.290163
Normal: -0.696658 -0.534197 -0.478854
Color: 1.000000 1.000000 1.000000 1.000000
Tex-Coords: 0.255176 0.066469
WeightNum: 1 Index0 8 1.000000

Position: 0.276258 1.454605 0.136577
Normal: 0.853013 -0.419578 0.310360
Color: 1.000000 1.000000 1.000000 1.000000
Tex-Coords: 0.231391 0.066582
WeightNum: 1 Index0 8 1.000000

Position: 0.235746 0.733008 -0.549840
Normal: -0.293263 -0.402279 0.867276
Color: 1.000000 1.000000 1.000000 1.000000
Tex-Coords: 0.210761 0.184562
WeightNum: 1 Index0 9 1.000000

Position: -0.000674 1.492676 0.502737
Normal: 0.281845 -0.071494 0.956792
Color: 1.000000 1.000000 1.000000 1.000000
Tex-Coords: 0.406146 0.284485
WeightNum: 1 Index0 8 1.000000

Position: 0.016568 2.407043 0.593730
Normal: 0.606036 0.286548 0.742031
Color: 1.000000 1.000000 1.000000 1.000000
Tex-Coords: 0.426220 0.226395
WeightNum: 1 Index0 20 1.000000

Position: -0.438069 2.341314 0.516779
Normal: -0.657686 -0.252097 -0.709856
Color: 1.000000 1.000000 1.000000 1.000000
Tex-Coords: 0.407556 0.211301
WeightNum: 1 Index0 20 1.000000

Position: -0.303773 1.451963 0.166823
Normal: -0.959969 -0.139429 -0.242940
Color: 1.000000 1.000000 1.000000 1.000000
Tex-Coords: 0.368897 0.374463
WeightNum: 1 Index0 8 1.000000

Position: -0.438069 2.341314 0.516779
Normal: -0.657686 -0.252097 -0.709856
Color: 1.000000 1.000000 1.000000 1.000000
Tex-Coords: 0.367151 0.275965
WeightNum: 1 Index0 20 1.000000

Position: -0.303773 1.451963 0.166823
Normal: -0.959969 -0.139429 -0.242940
Color: 1.000000 1.000000 1.000000 1.000000
Tex-Coords: 0.406146 0.284485
WeightNum: 1 Index0 8 1.000000

Position: -0.270953 2.725162 0.413110
Normal: -0.267832 0.942532 0.199749
Color: 1.000000 1.000000 1.000000 1.000000
Tex-Coords: 0.421185 0.102123
WeightNum: 1 Index0 20 1.000000

Position: -0.103517 2.642088 0.024291
Normal: -0.740223 0.447434 0.501870
Color: 1.000000 1.000000 1.000000 1.000000
Tex-Coords: 0.359735 0.071537
WeightNum: 1 Index0 12 1.000000

Position: -0.438069 2.341314 0.516779
Normal: -0.657686 -0.252097 -0.709856
Color: 1.000000 1.000000 1.000000 1.000000
Tex-Coords: 0.414626 0.146345
WeightNum: 1 Index0 20 1.000000

Position: -0.270953 2.725162 0.413110
Normal: -0.267832 0.942532 0.199749
Color: 1.000000 1.000000 1.000000 1.000000
Tex-Coords: 0.630024 0.076839
WeightNum: 1 Index0 20 1.000000

Position: -0.103517 2.642088 0.024291
Normal: -0.740223 0.447434 0.501870
