**********ZXCS_Header**********
#ZXCSExporter V1.0
#Tue Dec 25 22:51:43 2018
#Materials 7
#Helpers 0
#Meshes 41
#Vertices 3750
#Triangles 3935
#AnimationClips 1
#Subset 41

**********Scene_Info**********
FirstFrmae: 325
LastFrame: 657
FrameSpeed: 30
TickPerFrame: 160

**********Materials**********
#Name skin00.twosided
#MapNum 1
#SubMtlNum 0
		#MapSubNO 1	#TexFile FFighter_m003_t03_l.bmp

#Name skin00.twosided
#MapNum 1
#SubMtlNum 0
		#MapSubNO 1	#TexFile FFighter_m003_t03_u.bmp

#Name skin00
#MapNum 1
#SubMtlNum 0
		#MapSubNO 1	#TexFile FFighter_m003_t03_g.bmp

#Name skin00
#MapNum 1
#SubMtlNum 0
		#MapSubNO 1	#TexFile FFighter_m003_t03_b.bmp

#Name sasa
#MapNum 1
#SubMtlNum 0
		#MapSubNO 1	#TexFile FFighter_m001_t01_f.bmp

#Name sss
#MapNum 1
#SubMtlNum 0
		#MapSubNO 1	#TexFile FFighter_m001_t01_h.bmp

#Name 3-Default
#MapNum 1
#SubMtlNum 0
		#MapSubNO 1	#TexFile Ä®.bmp

**********Helpers**********
**********Meshed**********
#Name Çã¸®°©ÁÖ 0
#ParentName NONE -1
#Node_TM
	#TM_ROW0 1.000000  0.000000  0.000000  0.000000
	#TM_ROW1 0.000000  1.000000  0.000000  0.000000
	#TM_ROW2 0.000000  0.000000  1.000000  0.000000
	#TM_ROW3 0.000000  0.000000  0.000000  1.000000
	#TM_POS 0.000000 0.000000  0.000000
	#TM_ROTQUAT -0.000000 -0.000000 -0.000000 1.000000
	#TM_SCALEQUAT -0.000000 -0.000000 -0.000000 1.000000
	#TM_SCALE 1.000000 1.000000 1.000000

#Name Object10 1
#ParentName NONE -1
#Node_TM
	#TM_ROW0 1.000000  0.000000  0.000000  0.000000
	#TM_ROW1 0.000000  1.000000  0.000000  0.000000
	#TM_ROW2 0.000000  0.000000  1.000000  0.000000
	#TM_ROW3 0.000000  0.000000  0.000000  1.000000
	#TM_POS 0.000000 0.000000  0.000000
	#TM_ROTQUAT -0.000000 -0.000000 -0.000000 1.000000
	#TM_SCALEQUAT -0.000000 -0.000000 -0.000000 1.000000
	#TM_SCALE 1.000000 1.000000 1.000000

#Name Object32 2
#ParentName NONE -1
#Node_TM
	#TM_ROW0 -1.000000  -0.000000  -0.000000  0.000000
	#TM_ROW1 -0.000000  1.000000  -0.000000  0.000000
	#TM_ROW2 0.000000  0.000000  1.000000  0.000000
	#TM_ROW3 0.000000  0.000000  0.000000  1.000000
	#TM_POS 0.000000 0.000000  0.000000
	#TM_ROTQUAT -1.000000 -0.000000 0.000000 -0.000000
	#TM_SCALEQUAT -0.000000 -0.000000 -0.000000 -0.000000
	#TM_SCALE 1.000000 1.000000 1.000000

#Name Object34 3
#ParentName NONE -1
#Node_TM
	#TM_ROW0 -1.000000  -0.000000  -0.000000  0.000000
	#TM_ROW1 -0.000000  1.000000  -0.000000  0.000000
	#TM_ROW2 0.000000  0.000000  1.000000  0.000000
	#TM_ROW3 0.000000  0.000000  0.000000  1.000000
	#TM_POS 0.000000 0.000000  0.000000
	#TM_ROTQUAT -1.000000 -0.000000 0.000000 -0.000000
	#TM_SCALEQUAT -0.000000 -0.000000 -0.000000 -0.000000
	#TM_SCALE 1.000000 1.000000 1.000000

#Name Bip01 4
#ParentName NONE -1
#Node_TM
	#TM_ROW0 0.136001  0.037798  -0.989987  0.000000
	#TM_ROW1 0.013411  0.999110  0.039989  0.000000
	#TM_ROW2 0.990618  -0.018716  0.135373  0.000000
	#TM_ROW3 0.000000  25.971500  0.000000  1.000000
	#TM_POS 0.000000 25.971500  0.000000
	#TM_ROTQUAT 0.019480 0.657217 0.008092 0.753406
	#TM_SCALEQUAT -0.027234 -0.000000 0.020704 0.753406
	#TM_SCALE 1.000000 1.000000 1.000000

#Name dasdas 5
#ParentName NONE -1
#Node_TM
	#TM_ROW0 1.000000  0.000000  0.000000  0.000000
	#TM_ROW1 0.000000  1.000000  0.000000  0.000000
	#TM_ROW2 0.000000  0.000000  1.000000  0.000000
	#TM_ROW3 0.000000  40.185139  -0.520931  1.000000
	#TM_POS 0.000000 40.185139  -0.520931
	#TM_ROTQUAT -0.000000 -0.000000 -0.000000 1.000000
	#TM_SCALEQUAT -0.000000 -0.000000 -0.000000 1.000000
	#TM_SCALE 1.000000 1.000000 1.000000

#Name dasdasd 6
#ParentName NONE -1
#Node_TM
	#TM_ROW0 1.000000  0.000000  0.000000  0.000000
	#TM_ROW1 0.000000  1.000000  0.000000  0.000000
	#TM_ROW2 0.000000  0.000000  1.000000  0.000000
	#TM_ROW3 0.000000  2.279413  -0.940420  1.000000
	#TM_POS 0.000000 2.279413  -0.940420
	#TM_ROTQUAT -0.000000 -0.000000 -0.000000 1.000000
	#TM_SCALEQUAT -0.000000 -0.000000 -0.000000 1.000000
	#TM_SCALE 1.000000 1.000000 1.000000

#Name Bip01Pelvis 7
#ParentName Bip01 4
#Node_TM
	#TM_ROW0 0.012975  0.999118  0.039929  0.000000
	#TM_ROW1 0.990623  -0.018275  0.135392  0.000000
	#TM_ROW2 0.136003  0.037798  -0.989987  0.000000
	#TM_ROW3 0.003691  25.972527  -0.026867  1.000000
	#TM_POS 0.027139 0.000002  0.000000
	#TM_ROTQUAT 0.499889 0.500110 0.499890 0.500110
	#TM_SCALEQUAT 0.064440 -0.049170 0.005837 0.500110
	#TM_SCALE 1.000000 1.000000 1.000000

#Name Bip01Spine 8
#ParentName Bip01Pelvis 7
#Node_TM
	#TM_ROW0 0.013955  0.999132  0.039260  0.000000
	#TM_ROW1 0.990615  -0.019154  0.135335  0.000000
	#TM_ROW2 0.135969  0.037003  -0.990022  0.000000
	#TM_ROW3 0.094629  27.605537  -0.466564  1.000000
	#TM_POS 1.615194 0.000710  0.509387
	#TM_ROTQUAT 0.000012 -0.000398 0.000440 1.000000
	#TM_SCALEQUAT -0.000000 -0.025951 0.006178 1.000000
	#TM_SCALE 1.000000 1.000000 1.000000

#Name Bone01 9
#ParentName Bip01Pelvis 7
#Node_TM
	#TM_ROW0 0.009717  0.999173  0.039483  0.000000
	#TM_ROW1 0.136000  0.037798  -0.989987  0.000000
	#TM_ROW2 -0.990661  0.014989  -0.135520  0.000000
	#TM_ROW3 0.003691  25.972527  -0.026868  1.000000
	#TM_POS 0.000000 -0.000000  0.000001
	#TM_ROTQUAT 0.707107 -0.001163 -0.001163 0.707105
	#TM_SCALEQUAT -0.049051 0.076392 -0.028991 0.707105
	#TM_SCALE 1.000000 0.999999 1.000000

#Name Bip01LThigh 10
#ParentName Bip01Pelvis 7
#Node_TM
	#TM_ROW0 -0.051656  -0.997447  0.049302  0.000000
	#TM_ROW1 -0.997770  0.053636  0.039725  0.000000
	#TM_ROW2 -0.042268  -0.047140  -0.997994  0.000000
	#TM_ROW3 2.087465  25.934080  0.257927  1.000000
	#TM_POS -0.000004 2.103497  0.000004
	#TM_ROTQUAT 0.045487 0.087725 -0.994957 0.017211
	#TM_SCALEQUAT -0.031106 -0.000000 -0.011768 0.017211
	#TM_SCALE 1.000000 1.000000 1.000000

#Name Bip01RThigh 11
#ParentName Bip01Pelvis 7
#Node_TM
	#TM_ROW0 0.078368  -0.805416  -0.587506  0.000000
	#TM_ROW1 -0.973517  -0.188782  0.128944  0.000000
	#TM_ROW2 -0.214764  0.561842  -0.798880  0.000000
	#TM_ROW3 -2.080083  26.010969  -0.311661  1.000000
	#TM_POS 0.000002 -2.103497  -0.000004
	#TM_ROTQUAT -0.288714 0.158712 -0.942541 -0.055410
	#TM_SCALEQUAT 0.244711 -0.280089 -0.000000 -0.055410
	#TM_SCALE 1.000000 1.000000 1.000000

#Name Bip01Spine1 12
#ParentName Bip01Spine 8
#Node_TM
	#TM_ROW0 0.115871  0.992268  -0.044483  0.000000
	#TM_ROW1 0.993195  -0.116275  -0.006608  0.000000
	#TM_ROW2 -0.011729  -0.043415  -0.998988  0.000000
	#TM_ROW3 0.115508  29.098579  -0.405590  1.000000
	#TM_POS 1.494431 0.000337  -0.002280
	#TM_ROTQUAT 0.071153 -0.045030 0.048311 0.995277
	#TM_SCALEQUAT 0.030921 -0.000000 0.030921 0.995277
	#TM_SCALE 1.000000 1.000000 1.000000

#Name SkirtRSBone 13
#ParentName Bone01 9
#Node_TM
	#TM_ROW0 -0.349696  -0.932211  -0.093251  0.000000
	#TM_ROW1 -0.926443  0.358893  -0.113568  0.000000
	#TM_ROW2 -0.139336  -0.046677  0.989144  0.000000
	#TM_ROW3 -3.329371  28.141636  0.234639  1.000000
	#TM_POS 2.145254 -0.630197  3.299011
	#TM_ROTQUAT -0.696744 0.127247 0.120617 0.695563
	#TM_SCALEQUAT 0.016652 -0.006247 -0.240592 0.695563
	#TM_SCALE 1.000000 1.000000 1.000000

#Name Bip01LCalf 14
#ParentName Bip01LThigh 10
#Node_TM
	#TM_ROW0 -0.018249  -0.791724  0.610606  0.000000
	#TM_ROW1 -0.997770  0.053636  0.039725  0.000000
	#TM_ROW2 -0.064202  -0.608520  -0.790937  0.000000
	#TM_ROW3 1.534142  15.249728  0.786030  1.000000
	#TM_POS 10.711699 -0.000000  0.000001
	#TM_ROTQUAT -0.000000 0.299375 0.000000 0.954136
	#TM_SCALEQUAT -0.000000 -0.000000 -0.000000 0.954136
	#TM_SCALE 1.000000 1.000000 1.000000

#Name Bip01RCalf 15
#ParentName Bip01RThigh 11
#Node_TM
	#TM_ROW0 0.135421  -0.930607  -0.340046  0.000000
	#TM_ROW1 -0.973517  -0.188782  0.128944  0.000000
	#TM_ROW2 -0.184191  0.313578  -0.931527  0.000000
	#TM_ROW3 -1.240629  17.383600  -6.604855  1.000000
	#TM_POS 10.711699 -0.000000  0.000004
	#TM_ROTQUAT -0.000000 0.141567 -0.000000 0.989929
	#TM_SCALEQUAT -0.000000 0.196775 0.172462 0.989929
	#TM_SCALE 1.000000 1.000000 1.000000

#Name Bip01Spine2 16
#ParentName Bip01Spine1 12
#Node_TM
	#TM_ROW0 0.074373  0.972670  0.219957  0.000000
	#TM_ROW1 0.993306  -0.052706  -0.102790  0.000000
	#TM_ROW2 -0.088387  0.226130  -0.970079  0.000000
	#TM_ROW3 0.452220  31.978380  -0.531116  1.000000
	#TM_POS 2.902134 0.000402  -0.003575
	#TM_ROTQUAT 0.050773 0.131391 -0.027296 0.989653
	#TM_SCALEQUAT -0.000000 -0.155209 -0.095867 0.989653
	#TM_SCALE 1.000000 1.000000 1.000000

#Name Bip01LFoot 17
#ParentName Bip01LCalf 14
#Node_TM
	#TM_ROW0 -0.116841  -0.976264  0.182363  0.000000
	#TM_ROW1 -0.992507  0.121387  0.013928  0.000000
	#TM_ROW2 -0.035734  -0.179369  -0.983133  0.000000
	#TM_ROW3 1.334527  6.589707  7.464956  1.000000
	#TM_POS 10.938185 0.000000  -0.000002
	#TM_ROTQUAT -0.002096 -0.235533 0.036283 0.971187
	#TM_SCALEQUAT 0.092134 0.266764 0.000000 0.971187
	#TM_SCALE 1.000000 1.000000 1.000000

#Name Bip01RFoot 18
#ParentName Bip01RCalf 15
#Node_TM
	#TM_ROW0 0.036796  -0.955506  -0.292667  0.000000
	#TM_ROW1 -0.982558  -0.088012  0.163811  0.000000
	#TM_ROW2 -0.182280  0.281535  -0.942079  0.000000
	#TM_ROW3 0.240635  7.204447  -10.324337  1.000000
	#TM_POS 10.938187 0.000000  0.000000
	#TM_ROTQUAT -0.000512 0.016888 0.053504 0.998425
	#TM_SCALEQUAT -0.012176 0.090046 0.049015 0.998425
	#TM_SCALE 1.000000 1.000000 1.000000

#Name Bip01Neck 19
#ParentName Bip01Spine2 16
#Node_TM
	#TM_ROW0 0.074373  0.972670  0.219957  0.000000
	#TM_ROW1 0.993306  -0.052706  -0.102790  0.000000
	#TM_ROW2 -0.088387  0.226130  -0.970079  0.000000
	#TM_ROW3 0.800280  36.528336  0.499336  1.000000
	#TM_POS 4.678152 0.000000  -0.001504
	#TM_ROTQUAT -0.000000 -0.000000 -0.000000 1.000000
	#TM_SCALEQUAT -0.000000 -0.000000 -0.000000 1.000000
	#TM_SCALE 1.000000 1.000000 1.000000

#Name Bip01LToe0 20
#ParentName Bip01LFoot 17
#Node_TM
	#TM_ROW0 -0.035734  -0.179369  -0.983133  0.000000
	#TM_ROW1 -0.992507  0.121387  0.013928  0.000000
	#TM_ROW2 0.116841  0.976264  -0.182363  0.000000
	#TM_ROW3 0.582322  0.569053  6.334993  1.000000
	#TM_POS 5.759575 -0.000000  2.217701
	#TM_ROTQUAT -0.000000 -0.707107 -0.000000 0.707107
	#TM_SCALEQUAT -0.015603 0.000000 -0.003901 0.707107
	#TM_SCALE 1.000000 1.000000 1.000000

#Name Bip01RToe0 21
#ParentName Bip01RFoot 18
#Node_TM
	#TM_ROW0 -0.182280  0.281534  -0.942079  0.000000
	#TM_ROW1 -0.982558  -0.088012  0.163811  0.000000
	#TM_ROW2 -0.036796  0.955506  0.292667  0.000000
	#TM_ROW3 0.048322  2.325496  -14.099224  1.000000
	#TM_POS 5.759576 -0.000000  2.217703
	#TM_ROTQUAT -0.000000 -0.707107 -0.000000 0.707107
	#TM_SCALEQUAT -0.001385 0.061205 -0.007449 0.707107
	#TM_SCALE 1.000000 1.000000 1.000000

#Name Bip01Head 22
#ParentName Bip01Neck 19
#Node_TM
	#TM_ROW0 -0.010052  0.999247  0.037479  0.000000
	#TM_ROW1 0.999849  0.010576  -0.013812  0.000000
	#TM_ROW2 -0.014198  0.037335  -0.999202  0.000000
	#TM_ROW3 0.941079  38.369743  0.915749  1.000000
	#TM_POS 1.893143 -0.000000  -0.000000
	#TM_ROTQUAT -0.040044 -0.094316 -0.037251 0.994039
	#TM_SCALEQUAT -0.000000 -0.004546 0.020781 0.994039
	#TM_SCALE 1.000000 1.000000 1.000000

#Name Bip01LClavicle 23
#ParentName Bip01Neck 19
#Node_TM
	#TM_ROW0 0.995570  -0.084592  -0.041033  0.000000
	#TM_ROW1 0.091589  0.971178  0.220056  0.000000
	#TM_ROW2 0.021235  -0.222840  0.974624  0.000000
	#TM_ROW3 1.710891  35.814938  0.590725  1.000000
	#TM_POS -0.606075 0.932721  -0.330462
	#TM_ROTQUAT -0.700589 -0.712770 0.024306 -0.023333
	#TM_SCALEQUAT -0.000000 -0.000000 -0.000000 -0.023333
	#TM_SCALE 1.000000 1.000000 1.000000

#Name Bip01RClavicle 24
#ParentName Bip01Neck 19
#Node_TM
	#TM_ROW0 -0.995890  0.033461  0.084167  0.000000
	#TM_ROW1 -0.051533  -0.973518  -0.222726  0.000000
	#TM_ROW2 0.074486  -0.226148  0.971241  0.000000
	#TM_ROW3 -0.142066  35.913258  0.782471  1.000000
	#TM_POS -0.606079 -0.932723  -0.330459
	#TM_ROTQUAT 0.698906 -0.715180 0.004702 0.005152
	#TM_SCALEQUAT -0.000000 -0.000000 -0.000000 0.005152
	#TM_SCALE 1.000000 1.000000 1.000000

#Name Bip01LUpperArm 25
#ParentName Bip01LClavicle 23
#Node_TM
	#TM_ROW0 0.086840  -0.941320  -0.326151  0.000000
	#TM_ROW1 0.699681  0.290680  -0.652650  0.000000
	#TM_ROW2 0.709158  -0.171525  0.683867  0.000000
	#TM_ROW3 4.433324  35.583618  0.478519  1.000000
	#TM_POS 2.734545 0.000000  0.000002
	#TM_ROTQUAT -0.253430 0.275456 -0.578265 0.724918
	#TM_SCALEQUAT -0.123099 -0.015968 -0.069862 0.724918
	#TM_SCALE 1.000000 1.000000 1.000000

#Name Bip01RUpperArm 26
#ParentName Bip01RClavicle 24
#Node_TM
	#TM_ROW0 -0.180295  -0.895586  0.406717  0.000000
	#TM_ROW1 0.907846  -0.310655  -0.281617  0.000000
	#TM_ROW2 0.378561  0.318462  0.869065  0.000000
	#TM_ROW3 -2.865373  36.004757  1.012627  1.000000
	#TM_POS 2.734546 0.000000  -0.000004
	#TM_ROTQUAT 0.127674 -0.289093 0.569662 0.758689
	#TM_SCALEQUAT -0.000000 0.369229 0.135428 0.758689
	#TM_SCALE 1.000000 1.000000 1.000000

#Name Bip01LForearm 27
#ParentName Bip01LUpperArm 25
#Node_TM
	#TM_ROW0 -0.212626  -0.787382  -0.578636  0.000000
	#TM_ROW1 0.699681  0.290680  -0.652650  0.000000
	#TM_ROW2 0.682083  -0.543631  0.489110  0.000000
	#TM_ROW3 4.930788  30.191284  -1.389828  1.000000
	#TM_POS 5.728476 -0.000002  0.000001
	#TM_ROTQUAT 0.000000 0.210432 -0.000000 0.977609
	#TM_SCALEQUAT 0.367126 -0.000000 -0.108005 0.977609
	#TM_SCALE 1.000000 1.000000 1.000000

#Name Bip01RForearm 28
#ParentName Bip01RUpperArm 26
#Node_TM
	#TM_ROW0 -0.250038  -0.940241  0.231146  0.000000
	#TM_ROW1 0.907846  -0.310655  -0.281617  0.000000
	#TM_ROW2 0.336594  0.139430  0.931270  0.000000
	#TM_ROW3 -3.898191  30.874411  3.342493  1.000000
	#TM_POS 5.728477 0.000001  -0.000001
	#TM_ROTQUAT -0.000000 0.097061 0.000000 0.995278
	#TM_SCALEQUAT 0.034007 -0.133102 0.368217 0.995278
	#TM_SCALE 1.000000 1.000000 1.000000

#Name Bip01LHand 29
#ParentName Bip01LForearm 27
#Node_TM
	#TM_ROW0 -0.053191  -0.429615  -0.901444  0.000000
	#TM_ROW1 0.701384  -0.658634  0.272509  0.000000
	#TM_ROW2 -0.710796  -0.617763  0.336358  0.000000
	#TM_ROW3 3.753793  25.832716  -4.592880  1.000000
	#TM_POS 5.535521 0.000004  -0.000002
	#TM_ROTQUAT 0.658449 0.242240 0.075665 0.708547
	#TM_SCALEQUAT -0.146409 -0.000000 -0.009151 0.708547
	#TM_SCALE 1.000000 1.000000 1.000000

#Name Bip01RHand 30
#ParentName Bip01RForearm 28
#Node_TM
	#TM_ROW0 -0.512835  -0.578528  0.634276  0.000000
	#TM_ROW1 -0.148541  -0.667889  -0.729287  0.000000
	#TM_ROW2 0.845539  -0.468220  0.256581  0.000000
	#TM_ROW3 -5.282281  25.669691  4.622005  1.000000
	#TM_POS 5.535517 0.000000  -0.000000
	#TM_ROTQUAT -0.520221 -0.015412 -0.300609 0.799229
	#TM_SCALEQUAT -0.014373 -0.040477 0.156943 0.799229
	#TM_SCALE 1.000000 1.000000 1.000000

#Name Bip01LFinger0 31
#ParentName Bip01LHand 29
#Node_TM
	#TM_ROW0 -0.572837  -0.547318  -0.610164  0.000000
	#TM_ROW1 0.770053  -0.104285  -0.629400  0.000000
	#TM_ROW2 0.280851  -0.830402  0.481202  0.000000
	#TM_ROW3 2.762621  26.119465  -5.824104  1.000000
	#TM_POS 1.039410 -1.219576  0.113245
	#TM_ROTQUAT -0.475170 -0.191321 -0.235751 0.825852
	#TM_SCALEQUAT -0.079732 -0.299587 -0.056016 0.825852
	#TM_SCALE 1.000000 1.000001 1.000000

#Name Bip01LFinger1 32
#ParentName Bip01LHand 29
#Node_TM
	#TM_ROW0 -0.298944  -0.618570  -0.726639  0.000000
	#TM_ROW1 0.700817  -0.659126  0.272777  0.000000
	#TM_ROW2 -0.647678  -0.427696  0.630546  0.000000
	#TM_ROW3 3.654597  24.700613  -7.127697  1.000000
	#TM_POS 2.776640 -0.014693  -0.082727
	#TM_ROTQUAT 0.000392 -0.177943 -0.000071 0.984041
	#TM_SCALEQUAT 0.000126 -0.114249 0.004266 0.984041
	#TM_SCALE 1.000000 1.000000 1.000000

#Name Bip01RFinger0 33
#ParentName Bip01RHand 30
#Node_TM
	#TM_ROW0 0.007515  -0.863364  0.504525  0.000000
	#TM_ROW1 0.815322  -0.286827  -0.502972  0.000000
	#TM_ROW2 0.578959  0.415130  0.701764  0.000000
	#TM_ROW3 -5.900730  24.200800  4.420914  1.000000
	#TM_POS 1.039408 1.219576  0.113245
	#TM_ROTQUAT 0.475170 -0.191321 0.235751 0.825852
	#TM_SCALEQUAT 0.114152 -0.284469 0.019990 0.825852
	#TM_SCALE 1.000000 1.000001 1.000000

#Name Bip01RFinger1 34
#ParentName Bip01RHand 30
#Node_TM
	#TM_ROW0 -0.184286  -0.706051  0.683762  0.000000
	#TM_ROW1 -0.149214  -0.667516  -0.729491  0.000000
	#TM_ROW2 0.971480  -0.236462  0.017661  0.000000
	#TM_ROW3 -6.778370  24.092247  6.351219  1.000000
	#TM_POS 2.776641 0.014694  -0.082726
	#TM_ROTQUAT -0.000392 -0.177943 0.000071 0.984041
	#TM_SCALEQUAT -0.009990 0.124072 0.037260 0.984041
	#TM_SCALE 1.000000 1.000000 1.000000

#Name SwordBone 35
#ParentName Bip01RHand 30
#Node_TM
	#TM_ROW0 -0.126731  -0.737775  -0.663044  0.000000
	#TM_ROW1 -0.918997  0.338910  -0.201456  0.000000
	#TM_ROW2 0.373341  0.583804  -0.720963  0.000000
	#TM_ROW3 -6.228688  23.461046  6.625668  1.000000
	#TM_POS 3.033988 0.154465  0.748010
	#TM_ROTQUAT -0.537784 -0.531148 0.426908 0.496406
	#TM_SCALEQUAT -0.032052 -0.316589 0.204291 0.496406
	#TM_SCALE 1.000000 1.000000 1.000000

#Name Bip01LFinger01 36
#ParentName Bip01LFinger0 31
#Node_TM
	#TM_ROW0 -0.572837  -0.547318  -0.610164  0.000000
	#TM_ROW1 0.770053  -0.104285  -0.629400  0.000000
	#TM_ROW2 0.280851  -0.830402  0.481202  0.000000
	#TM_ROW3 1.950515  25.343536  -6.689129  1.000000
	#TM_POS 1.417691 0.000000  0.000002
	#TM_ROTQUAT 0.000000 -0.000000 0.000000 1.000000
	#TM_SCALEQUAT -0.188403 -0.000000 -0.109669 1.000000
	#TM_SCALE 1.000000 1.000000 1.000000

#Name Bip01LFinger11 37
#ParentName Bip01LFinger1 32
#Node_TM
	#TM_ROW0 -0.298944  -0.618570  -0.726639  0.000000
	#TM_ROW1 0.700817  -0.659126  0.272777  0.000000
	#TM_ROW2 -0.647678  -0.427696  0.630546  0.000000
	#TM_ROW3 3.407977  24.190311  -7.727154  1.000000
	#TM_POS 0.824972 -0.000001  0.000000
	#TM_ROTQUAT -0.000000 -0.000000 0.000000 1.000000
	#TM_SCALEQUAT -0.024062 -0.058092 -0.381926 1.000000
	#TM_SCALE 1.000000 1.000000 1.000000

#Name Bip01RFinger01 38
#ParentName Bip01RFinger0 33
#Node_TM
	#TM_ROW0 0.007515  -0.863364  0.504525  0.000000
	#TM_ROW1 0.815322  -0.286827  -0.502972  0.000000
	#TM_ROW2 0.578959  0.415130  0.701764  0.000000
	#TM_ROW3 -5.890077  22.976816  5.136175  1.000000
	#TM_POS 1.417692 0.000000  0.000000
	#TM_ROTQUAT 0.000000 0.000000 -0.000000 1.000000
	#TM_SCALEQUAT 0.026601 -0.000000 0.159606 1.000000
	#TM_SCALE 1.000000 1.000000 1.000000

#Name Bip01RFinger11 39
#ParentName Bip01RFinger1 34
#Node_TM
	#TM_ROW0 -0.184286  -0.706051  0.683762  0.000000
	#TM_ROW1 -0.149214  -0.667516  -0.729491  0.000000
	#TM_ROW2 0.971480  -0.236462  0.017661  0.000000
	#TM_ROW3 -6.930401  23.509775  6.915302  1.000000
	#TM_POS 0.824970 0.000002  -0.000001
	#TM_ROTQUAT -0.000000 0.000000 0.000000 1.000000
	#TM_SCALEQUAT 0.000000 0.006845 -0.116012 1.000000
	#TM_SCALE 1.000000 1.000000 1.000000

#Name sword01 40
#ParentName SwordBone 35
#Node_TM
	#TM_ROW0 0.001695  0.002811  -0.003346  0.000000
	#TM_ROW1 -0.000600  -0.003465  -0.003215  0.000000
	#TM_ROW2 0.005792  -0.002093  0.001175  0.000000
	#TM_ROW3 -9.101063  5.754807  -10.290577  1.000000
	#TM_POS 24.643457 0.046770  0.786637
	#TM_ROTQUAT -0.508674 0.498686 0.493777 0.498745
	#TM_SCALEQUAT -0.000000 -0.000000 -0.000002 0.498745
	#TM_SCALE 0.004688 0.004764 0.006269

**********SubsetTable**********
SubsetID: 4 -1 -2 VertexWStart: 2025 VertexWCount: 6 FaceStart: 2588 FaceCount: 8
SubsetID: 7 -1 -2 VertexWStart: 2462 VertexWCount: 24 FaceStart: 3203 FaceCount: 12
SubsetID: 8 -1 -2 VertexWStart: 2486 VertexWCount: 48 FaceStart: 3215 FaceCount: 24
SubsetID: 9 -1 -2 VertexWStart: 2534 VertexWCount: 32 FaceStart: 3239 FaceCount: 14
SubsetID: 10 -1 -2 VertexWStart: 2566 VertexWCount: 40 FaceStart: 3253 FaceCount: 28
SubsetID: 11 -1 -2 VertexWStart: 2606 VertexWCount: 40 FaceStart: 3281 FaceCount: 28
SubsetID: 12 -1 -2 VertexWStart: 2646 VertexWCount: 48 FaceStart: 3309 FaceCount: 24
SubsetID: 13 -1 -2 VertexWStart: 2694 VertexWCount: 32 FaceStart: 3333 FaceCount: 14
SubsetID: 14 -1 -2 VertexWStart: 2726 VertexWCount: 32 FaceStart: 3347 FaceCount: 20
SubsetID: 15 -1 -2 VertexWStart: 2758 VertexWCount: 32 FaceStart: 3367 FaceCount: 20
SubsetID: 16 -1 -2 VertexWStart: 2790 VertexWCount: 48 FaceStart: 3387 FaceCount: 24
SubsetID: 17 -1 -2 VertexWStart: 2838 VertexWCount: 24 FaceStart: 3411 FaceCount: 12
SubsetID: 18 -1 -2 VertexWStart: 2862 VertexWCount: 24 FaceStart: 3423 FaceCount: 12
SubsetID: 19 -1 -2 VertexWStart: 2886 VertexWCount: 24 FaceStart: 3435 FaceCount: 12
SubsetID: 20 -1 -2 VertexWStart: 2910 VertexWCount: 24 FaceStart: 3447 FaceCount: 12
SubsetID: 21 -1 -2 VertexWStart: 2934 VertexWCount: 24 FaceStart: 3459 FaceCount: 12
SubsetID: 22 -1 -2 VertexWStart: 2958 VertexWCount: 130 FaceStart: 3471 FaceCount: 70
SubsetID: 23 -1 -2 VertexWStart: 3088 VertexWCount: 24 FaceStart: 3541 FaceCount: 12
SubsetID: 24 -1 -2 VertexWStart: 3112 VertexWCount: 24 FaceStart: 3553 FaceCount: 12
SubsetID: 25 -1 -2 VertexWStart: 3136 VertexWCount: 40 FaceStart: 3565 FaceCount: 28
SubsetID: 26 -1 -2 VertexWStart: 3176 VertexWCount: 40 FaceStart: 3593 FaceCount: 28
SubsetID: 27 -1 -2 VertexWStart: 3216 VertexWCount: 32 FaceStart: 3621 FaceCount: 20
SubsetID: 28 -1 -2 VertexWStart: 3248 VertexWCount: 32 FaceStart: 3641 FaceCount: 20
SubsetID: 29 -1 -2 VertexWStart: 3280 VertexWCount: 24 FaceStart: 3661 FaceCount: 12
SubsetID: 30 -1 -2 VertexWStart: 3304 VertexWCount: 24 FaceStart: 3673 FaceCount: 12
SubsetID: 31 -1 -2 VertexWStart: 3328 VertexWCount: 24 FaceStart: 3685 FaceCount: 12
SubsetID: 32 -1 -2 VertexWStart: 3352 VertexWCount: 24 FaceStart: 3697 FaceCount: 12
SubsetID: 33 -1 -2 VertexWStart: 3376 VertexWCount: 24 FaceStart: 3709 FaceCount: 12
SubsetID: 34 -1 -2 VertexWStart: 3400 VertexWCount: 24 FaceStart: 3721 FaceCount: 12
SubsetID: 35 -1 -2 VertexWStart: 3424 VertexWCount: 52 FaceStart: 3733 FaceCount: 24
SubsetID: 36 -1 -2 VertexWStart: 3476 VertexWCount: 24 FaceStart: 3757 FaceCount: 12
SubsetID: 37 -1 -2 VertexWStart: 3500 VertexWCount: 24 FaceStart: 3769 FaceCount: 12
SubsetID: 38 -1 -2 VertexWStart: 3524 VertexWCount: 24 FaceStart: 3781 FaceCount: 12
SubsetID: 39 -1 -2 VertexWStart: 3548 VertexWCount: 24 FaceStart: 3793 FaceCount: 12
SubsetID: 0 0 -1 VertexWStart: 0 VertexWCount: 483 FaceStart: 0 FaceCount: 678
SubsetID: 1 1 -1 VertexWStart: 483 VertexWCount: 764 FaceStart: 678 FaceCount: 966
SubsetID: 2 2 -1 VertexWStart: 1247 VertexWCount: 330 FaceStart: 1644 FaceCount: 468
SubsetID: 3 3 -1 VertexWStart: 1577 VertexWCount: 448 FaceStart: 2112 FaceCount: 476
SubsetID: 5 4 -1 VertexWStart: 2031 VertexWCount: 218 FaceStart: 2596 FaceCount: 330
SubsetID: 6 5 -1 VertexWStart: 2249 VertexWCount: 213 FaceStart: 2926 FaceCount: 277
SubsetID: 40 6 -1 VertexWStart: 3572 VertexWCount: 178 FaceStart: 3805 FaceCount: 130

**********Vertices**********
Position: 0.243359 23.178017 -2.189466
Normal: 0.083483 -0.699000 -0.710232
Color: 1.000000 1.000000 1.000000 1.000000
Tex-Coords: 0.086713 0.415632
WeightNum: 1 Index0 8 1.000000

Position: 0.401423 24.220793 -3.197172
Normal: 0.107501 -0.501830 -0.858260
Color: 1.000000 1.000000 1.000000 1.000000
Tex-Coords: 0.086716 0.283606
WeightNum: 1 Index0 8 1.000000

Position: 0.745007 23.489168 -2.264793
Normal: 0.479811 -0.602094 -0.638172
Color: 1.000000 1.000000 1.000000 1.000000
Tex-Coords: 0.159800 0.363069
WeightNum: 1 Index0 8 1.000000

Position: 0.478175 25.694870 -3.547913
Normal: 0.126388 -0.248617 -0.960321
Color: 1.000000 1.000000 1.000000 1.000000
Tex-Coords: 0.086715 0.184456
WeightNum: 1 Index0 8 1.000000

Position: 1.202716 25.667702 -3.299246
Normal: 0.631282 -0.246633 -0.735293
Color: 1.000000 1.000000 1.000000 1.000000
Tex-Coords: 0.159257 0.184939
WeightNum: 1 Index0 8 1.000000

Position: 1.937529 26.332405 -2.523283
Normal: 0.694758 -0.217552 -0.685552
Color: 1.000000 1.000000 1.000000 1.000000
Tex-Coords: 0.255955 0.168891
WeightNum: 1 Index0 8 1.000000

Position: 1.600951 25.526745 -2.592274
Normal: 0.781421 -0.284333 -0.555460
Color: 1.000000 1.000000 1.000000 1.000000
Tex-Coords: 0.210511 0.209836
WeightNum: 1 Index0 8 1.000000

Position: 1.536119 27.085653 -3.120847
Normal: 0.480851 0.463365 -0.744362
Color: 1.000000 1.000000 1.000000 1.000000
Tex-Coords: 0.190437 0.089181
WeightNum: 1 Index0 8 1.000000

Position: 3.022295 27.819519 -1.683802
Normal: 0.749550 0.055706 -0.659600
Color: 1.000000 1.000000 1.000000 1.000000
Tex-Coords: 0.363596 0.078796
WeightNum: 1 Index0 8 1.000000

Position: 3.153386 27.227659 -1.771422
Normal: 0.739366 -0.169304 -0.651670
Color: 1.000000 1.000000 1.000000 1.000000
Tex-Coords: 0.363599 0.168891
WeightNum: 1 Index0 8 1.000000

Position: 3.441728 28.211473 -0.862418
Normal: 0.885727 0.353264 -0.301150
Color: 1.000000 1.000000 1.000000 1.000000
Tex-Coords: 0.439257 0.092361
WeightNum: 1 Index0 8 1.000000

Position: 3.775664 27.720512 -0.898052
Normal: 0.943330 -0.039006 -0.329556
Color: 1.000000 1.000000 1.000000 1.000000
Tex-Coords: 0.439258 0.168891
WeightNum: 1 Index0 8 1.000000

Position: 3.471801 28.411581 0.230667
Normal: 0.866550 0.490301 0.093251
Color: 1.000000 1.000000 1.000000 1.000000
Tex-Coords: 0.514472 0.092026
WeightNum: 1 Index0 8 1.000000

Position: 4.007933 27.915941 0.328231
Normal: 0.990628 0.108251 0.083294
Color: 1.000000 1.000000 1.000000 1.000000
Tex-Coords: 0.514478 0.168891
WeightNum: 1 Index0 8 1.000000

Position: 0.960936 26.833948 3.444981
Normal: 0.087749 0.437325 0.895012
Color: 1.000000 1.000000 1.000000 1.000000
Tex-Coords: 0.804528 0.149906
WeightNum: 1 Index0 8 1.000000

Position: -0.315052 28.403702 2.646411
Normal: -0.065072 0.804501 0.590376
Color: 1.000000 1.000000 1.000000 1.000000
Tex-Coords: 0.923505 0.030713
WeightNum: 1 Index0 8 1.000000

Position: -0.471249 26.579865 3.528588
Normal: -0.117415 0.387666 0.914291
Color: 1.000000 1.000000 1.000000 1.000000
Tex-Coords: 0.923531 0.171283
WeightNum: 1 Index0 8 1.000000

Position: 0.890785 27.834337 2.644653
Normal: 0.102217 0.773955 0.624936
Color: 1.000000 1.000000 1.000000 1.000000
Tex-Coords: 0.814500 0.049686
WeightNum: 1 Index0 8 1.000000

Position: 2.946169 28.465794 1.443547
Normal: 0.728853 0.352483 0.586967
Color: 1.000000 1.000000 1.000000 1.000000
Tex-Coords: 0.601425 0.089252
WeightNum: 1 Index0 8 1.000000

Position: 3.357291 27.770226 1.852805
Normal: 0.814422 0.122854 0.567119
Color: 1.000000 1.000000 1.000000 1.000000
Tex-Coords: 0.601423 0.168891
WeightNum: 1 Index0 8 1.000000

Position: 2.196777 27.337482 3.016502
Normal: 0.476169 0.269417 0.837065
Color: 1.000000 1.000000 1.000000 1.000000
Tex-Coords: 0.721383 0.175283
WeightNum: 1 Index0 8 1.000000

Position: 1.547427 28.062477 2.554658
Normal: -0.073771 0.707161 0.703194
Color: 1.000000 1.000000 1.000000 1.000000
Tex-Coords: 0.722726 0.057192
WeightNum: 1 Index0 8 1.000000

Position: 0.789729 26.102900 3.739001
Normal: 0.143519 0.083798 0.986093
Color: 1.000000 1.000000 1.000000 1.000000
Tex-Coords: 0.809000 0.179718
WeightNum: 1 Index0 8 1.000000

Position: 2.484455 27.868750 -2.299255
Normal: 0.376394 0.372334 -0.848349
Color: 1.000000 1.000000 1.000000 1.000000
Tex-Coords: 0.295127 0.047729
WeightNum: 1 Index0 8 1.000000

Position: 0.549491 26.974890 -3.886645
Normal: 0.129608 0.446786 -0.885203
Color: 1.000000 1.000000 1.000000 1.000000
Tex-Coords: 0.086715 0.089181
WeightNum: 1 Index0 8 1.000000

Position: 3.356479 28.609312 -0.881639
Normal: 0.653592 0.698904 -0.290430
Color: 1.000000 1.000000 1.000000 1.000000
Tex-Coords: 0.439259 0.037032
WeightNum: 1 Index0 8 1.000000

Position: 3.026915 28.311756 -1.791315
Normal: 0.568260 0.508023 -0.647296
Color: 1.000000 1.000000 1.000000 1.000000
Tex-Coords: 0.363597 0.037032
WeightNum: 1 Index0 8 1.000000

Position: 3.391312 28.827265 0.190290
Normal: 0.758719 0.651031 0.022451
Color: 1.000000 1.000000 1.000000 1.000000
Tex-Coords: 0.514469 0.037032
WeightNum: 1 Index0 8 1.000000

Position: 2.969470 28.990587 1.441226
Normal: 0.624390 0.616311 0.479895
Color: 1.000000 1.000000 1.000000 1.000000
Tex-Coords: 0.601421 0.037031
WeightNum: 1 Index0 8 1.000000

Position: 1.755495 28.746164 2.360444
Normal: -0.128164 0.581891 0.803105
Color: 1.000000 1.000000 1.000000 1.000000
Tex-Coords: 0.700571 0.037029
WeightNum: 1 Index0 8 1.000000

Position: -0.216789 28.639145 1.960839
Normal: -0.025558 0.946592 0.321421
Color: 1.000000 1.000000 1.000000 1.000000
Tex-Coords: 0.923490 -0.003569
WeightNum: 1 Index0 8 1.000000

Position: 0.916177 28.086126 2.012180
Normal: 0.094053 0.923960 0.370745
Color: 1.000000 1.000000 1.000000 1.000000
Tex-Coords: 0.825766 0.017135
WeightNum: 1 Index0 8 1.000000

Position: 1.376171 27.438698 -2.349255
Normal: -0.165357 0.867594 -0.468975
Color: 1.000000 1.000000 1.000000 1.000000
Tex-Coords: 0.191523 0.005793
WeightNum: 1 Index0 8 1.000000

Position: 0.394926 27.288948 -2.710245
Normal: 0.061551 0.946578 -0.316546
Color: 1.000000 1.000000 1.000000 1.000000
Tex-Coords: 0.086705 0.005795
WeightNum: 1 Index0 8 1.000000

Position: 3.030878 28.650734 -0.793814
Normal: 0.081195 0.963760 -0.254116
Color: 1.000000 1.000000 1.000000 1.000000
Tex-Coords: 0.439262 0.005796
WeightNum: 1 Index0 8 1.000000

Position: 2.739767 28.409807 -1.611580
Normal: 0.016371 0.895031 -0.445704
Color: 1.000000 1.000000 1.000000 1.000000
Tex-Coords: 0.363598 0.005796
WeightNum: 1 Index0 8 1.000000

Position: 3.064417 28.915392 0.097973
Normal: 0.303538 0.938690 -0.163482
Color: 1.000000 1.000000 1.000000 1.000000
Tex-Coords: 0.514453 0.005796
WeightNum: 1 Index0 8 1.000000

Position: 2.730879 29.059935 1.093962
Normal: 0.182427 0.980262 0.076204
Color: 1.000000 1.000000 1.000000 1.000000
Tex-Coords: 0.601416 0.005791
WeightNum: 1 Index0 8 1.000000

Position: 1.477576 28.232533 1.983342
Normal: -0.729264 0.620782 0.287756
Color: 1.000000 1.000000 1.000000 1.000000
Tex-Coords: 0.755299 0.017339
WeightNum: 1 Index0 8 1.000000

Position: 1.626757 28.871346 1.890970
Normal: -0.415083 0.854231 0.313043
Color: 1.000000 1.000000 1.000000 1.000000
Tex-Coords: 0.722725 0.006805
WeightNum: 1 Index0 8 1.000000

Position: 2.271420 28.042376 -2.091127
Normal: -0.116209 0.714085 -0.690346
Color: 1.000000 1.000000 1.000000 1.000000
Tex-Coords: 0.295670 0.005794
WeightNum: 1 Index0 8 1.000000

Position: 1.922338 26.081263 -2.434899
Normal: 0.735556 -0.264053 -0.623886
Color: 1.000000 1.000000 1.000000 1.000000
Tex-Coords: 0.256067 0.191600
WeightNum: 1 Index0 8 1.000000

Position: 2.982527 26.913118 -1.624190
Normal: 0.746631 -0.555696 -0.365710
Color: 1.000000 1.000000 1.000000 1.000000
Tex-Coords: 0.363599 0.191600
WeightNum: 1 Index0 8 1.000000

Position: 3.580200 27.497246 -0.790374
Normal: 0.737267 -0.668311 -0.098987
Color: 1.000000 1.000000 1.000000 1.000000
Tex-Coords: 0.439260 0.191600
WeightNum: 1 Index0 8 1.000000

Position: 3.808536 27.662731 0.297493
Normal: 0.774941 -0.626895 0.080427
Color: 1.000000 1.000000 1.000000 1.000000
Tex-Coords: 0.514480 0.191600
WeightNum: 1 Index0 8 1.000000

Position: 3.216813 27.414829 1.662006
Normal: 0.787735 -0.509203 0.346678
Color: 1.000000 1.000000 1.000000 1.000000
Tex-Coords: 0.601421 0.191600
WeightNum: 1 Index0 8 1.000000

Position: 2.334118 26.975159 2.772830
Normal: 0.698923 -0.231819 0.676585
Color: 1.000000 1.000000 1.000000 1.000000
Tex-Coords: 0.708013 0.202221
WeightNum: 1 Index0 8 1.000000

Position: 0.862265 25.869755 3.701836
Normal: 0.237314 -0.087763 0.967461
Color: 1.000000 1.000000 1.000000 1.000000
Tex-Coords: 0.804743 0.226148
WeightNum: 1 Index0 8 1.000000

Position: -0.498671 26.171984 3.670910
Normal: -0.128571 0.206688 0.969922
Color: 1.000000 1.000000 1.000000 1.000000
Tex-Coords: 0.923536 0.193137
WeightNum: 1 Index0 8 1.000000

Position: -0.508209 25.884037 3.699487
Normal: -0.132880 0.102242 0.985845
Color: 1.000000 1.000000 1.000000 1.000000
Tex-Coords: 0.923537 0.222410
WeightNum: 1 Index0 8 1.000000

Position: -0.207373 23.507582 -2.394909
Normal: -0.313655 -0.586640 -0.746642
Color: 1.000000 1.000000 1.000000 1.000000
Tex-Coords: 0.050623 0.363073
WeightNum: 1 Index0 8 1.000000

Position: -0.286976 25.696507 -3.502769
Normal: -0.419939 -0.226080 -0.878942
Color: 1.000000 1.000000 1.000000 1.000000
Tex-Coords: 0.033365 0.184943
WeightNum: 1 Index0 8 1.000000

Position: -1.817711 26.887676 3.065359
Normal: -0.307836 0.445047 0.840934
Color: 1.000000 1.000000 1.000000 1.000000
Tex-Coords: 0.981713 0.156592
WeightNum: 1 Index0 8 1.000000

Position: -1.497188 27.880512 2.318404
Normal: -0.236564 0.780538 0.578618
Color: 1.000000 1.000000 1.000000 1.000000
Tex-Coords: 0.974792 0.060718
WeightNum: 1 Index0 8 1.000000

Position: -1.759804 26.152199 3.390680
Normal: -0.400138 0.093537 0.911669
Color: 1.000000 1.000000 1.000000 1.000000
Tex-Coords: 0.975302 0.195769
WeightNum: 1 Index0 8 1.000000

Position: -0.601307 27.126980 -3.412865
Normal: -0.245697 0.477520 -0.843568
Color: 1.000000 1.000000 1.000000 1.000000
Tex-Coords: 0.009768 0.089180
WeightNum: 1 Index0 8 1.000000

Position: -1.342385 28.129797 1.703612
Normal: -0.154859 0.928782 0.336722
Color: 1.000000 1.000000 1.000000 1.000000
Tex-Coords: 0.987162 0.013454
WeightNum: 1 Index0 8 1.000000

Position: -0.640661 27.477695 -2.624797
Normal: 0.317880 0.858216 -0.403011
Color: 1.000000 1.000000 1.000000 1.000000
Tex-Coords: 0.012683 0.005789
WeightNum: 1 Index0 8 1.000000

Position: -1.827833 25.921387 3.334069
Normal: -0.491381 -0.075077 0.867703
Color: 1.000000 1.000000 1.000000 1.000000
Tex-Coords: 0.980104 0.222147
WeightNum: 1 Index0 7 1.000000

Position: 0.930688 25.927670 3.536616
Normal: 0.046681 0.460092 0.886643
Color: 1.000000 1.000000 1.000000 1.000000
Tex-Coords: 0.709762 0.847258
WeightNum: 1 Index0 8 1.000000

Position: -0.354639 26.834457 2.711465
Normal: -0.094260 0.621294 0.777887
Color: 1.000000 1.000000 1.000000 1.000000
Tex-Coords: 0.834809 0.782879
WeightNum: 1 Index0 8 1.000000

Position: -0.501497 25.673584 3.620224
Normal: -0.110683 0.468528 0.876488
Color: 1.000000 1.000000 1.000000 1.000000
Tex-Coords: 0.834809 0.869798
WeightNum: 1 Index0 8 1.000000

Position: 0.860537 26.928059 2.736287
Normal: -0.087642 0.618545 0.780846
Color: 1.000000 1.000000 1.000000 1.000000
Tex-Coords: 0.723286 0.772821
WeightNum: 1 Index0 8 1.000000

Position: 0.714838 24.541054 4.063040
Normal: 0.202466 0.079587 0.976050
Color: 1.000000 1.000000 1.000000 1.000000
Tex-Coords: 0.717698 0.935913
WeightNum: 1 Index0 8 1.000000

Position: 2.491981 27.403502 2.587775
Normal: 0.099856 0.495066 0.863098
Color: 1.000000 1.000000 1.000000 1.000000
Tex-Coords: 0.575290 0.735867
WeightNum: 1 Index0 8 1.000000

Position: 1.873364 26.433336 3.156294
Normal: 0.355521 0.269685 0.894916
Color: 1.000000 1.000000 1.000000 1.000000
Tex-Coords: 0.610753 0.805628
WeightNum: 1 Index0 8 1.000000

Position: 2.071227 26.242188 3.045079
Normal: 0.552538 0.089826 0.828633
Color: 1.000000 1.000000 1.000000 1.000000
Tex-Coords: 0.581925 0.808637
WeightNum: 1 Index0 8 1.000000

Position: 0.787374 24.307907 4.025876
Normal: 0.238341 -0.053627 0.969700
Color: 1.000000 1.000000 1.000000 1.000000
Tex-Coords: 0.701215 0.960960
WeightNum: 1 Index0 8 1.000000

Position: -0.573495 24.610134 3.994959
Normal: -0.128440 0.208243 0.969607
Color: 1.000000 1.000000 1.000000 1.000000
Tex-Coords: 0.834809 0.936548
WeightNum: 1 Index0 8 1.000000

Position: -0.583032 24.322189 4.023536
Normal: -0.132733 0.102238 0.985865
Color: 1.000000 1.000000 1.000000 1.000000
Tex-Coords: 0.834601 0.967371
WeightNum: 1 Index0 8 1.000000

Position: -1.847959 25.981396 3.156993
Normal: -0.265205 0.466173 0.844008
Color: 1.000000 1.000000 1.000000 1.000000
Tex-Coords: 0.901711 0.847258
WeightNum: 1 Index0 8 1.000000

Position: -1.527436 26.974230 2.410039
Normal: -0.101538 0.618817 0.778945
Color: 1.000000 1.000000 1.000000 1.000000
Tex-Coords: 0.888187 0.772821
WeightNum: 1 Index0 8 1.000000

Position: -1.834559 24.590347 3.714738
Normal: -0.453582 0.092385 0.886413
Color: 1.000000 1.000000 1.000000 1.000000
Tex-Coords: 0.893775 0.935913
WeightNum: 1 Index0 8 1.000000

Position: -1.903371 24.359934 3.658262
Normal: -0.491539 -0.039322 0.869967
Color: 1.000000 1.000000 1.000000 1.000000
Tex-Coords: 0.894074 0.960960
WeightNum: 1 Index0 8 1.000000

Position: 4.007119 23.090555 -1.449426
Normal: 0.705054 -0.124288 -0.698177
Color: 1.000000 1.000000 1.000000 1.000000
Tex-Coords: 0.159352 0.603358
WeightNum: 1 Index0 10 1.000000

Position: 3.185978 23.717260 -1.842638
Normal: 0.447110 0.024821 -0.894135
Color: 1.000000 1.000000 1.000000 1.000000
Tex-Coords: 0.083797 0.576458
WeightNum: 1 Index0 10 1.000000

Position: 4.313476 25.723555 -1.144679
Normal: 0.897344 0.069230 -0.435868
Color: 1.000000 1.000000 1.000000 1.000000
Tex-Coords: 0.202914 0.460694
WeightNum: 1 Index0 10 1.000000

Position: 1.964761 21.856556 -2.312093
Normal: 0.441677 -0.108404 -0.890601
Color: 1.000000 1.000000 1.000000 1.000000
Tex-Coords: 0.030285 0.684530
WeightNum: 1 Index0 10 1.000000

Position: 2.311502 20.375015 -1.961633
Normal: 0.653598 -0.239368 -0.717992
Color: 1.000000 1.000000 1.000000 1.000000
Tex-Coords: 0.069071 0.759025
WeightNum: 1 Index0 10 1.000000

Position: 2.517125 16.695427 -0.797972
Normal: 0.777895 -0.196820 -0.596776
Color: 1.000000 1.000000 1.000000 1.000000
Tex-Coords: 0.170494 0.951215
WeightNum: 2 Index0 10 0.951422 Index1 14 0.048578

Position: 1.676980 17.086395 -1.315947
Normal: 0.275735 -0.497296 -0.822598
Color: 1.000000 1.000000 1.000000 1.000000
Tex-Coords: 0.082177 0.936771
WeightNum: 2 Index0 10 0.997596 Index1 14 0.002404

Position: 1.625176 17.423363 -1.537023
Normal: 0.463820 -0.283750 -0.839260
Color: 1.000000 1.000000 1.000000 1.000000
Tex-Coords: 0.071554 0.919320
WeightNum: 2 Index0 10 0.999991 Index1 14 0.000009

Position: 4.185958 20.838066 0.226879
Normal: 0.949614 -0.300173 -0.090167
Color: 1.000000 1.000000 1.000000 1.000000
Tex-Coords: 0.262975 0.724754
WeightNum: 1 Index0 10 1.000000

Position: 3.024298 20.273098 -1.130035
Normal: 0.759472 -0.283944 -0.585301
Color: 1.000000 1.000000 1.000000 1.000000
Tex-Coords: 0.165516 0.759339
WeightNum: 1 Index0 10 1.000000

Position: 4.843350 23.660858 0.044237
Normal: 0.995692 -0.083938 -0.039393
Color: 1.000000 1.000000 1.000000 1.000000
Tex-Coords: 0.260279 0.571393
WeightNum: 1 Index0 10 1.000000

Position: 3.421889 19.925415 1.611185
Normal: 0.834128 -0.217828 0.506736
Color: 1.000000 1.000000 1.000000 1.000000
Tex-Coords: 0.368793 0.791813
WeightNum: 1 Index0 10 1.000000

Position: 2.533892 18.827997 2.244870
Normal: 0.619356 -0.130295 0.774223
Color: 1.000000 1.000000 1.000000 1.000000
Tex-Coords: 0.443788 0.866070
WeightNum: 1 Index0 10 1.000000

Position: 2.708422 16.969727 1.805957
Normal: 0.843795 -0.126659 0.521506
Color: 1.000000 1.000000 1.000000 1.000000
Tex-Coords: 0.367379 0.955499
WeightNum: 2 Index0 10 0.963251 Index1 14 0.036749

Position: 2.736468 19.979641 2.270452
Normal: 0.667895 -0.216165 0.712172
Color: 1.000000 1.000000 1.000000 1.000000
Tex-Coords: 0.453489 0.804024
WeightNum: 1 Index0 10 1.000000

Position: 4.253649 23.180004 1.345418
Normal: 0.859303 -0.090720 0.503358
Color: 1.000000 1.000000 1.000000 1.000000
Tex-Coords: 0.367660 0.611080
WeightNum: 1 Index0 10 1.000000

Position: 3.360608 18.582062 0.445018
Normal: 0.971266 -0.221396 -0.087328
Color: 1.000000 1.000000 1.000000 1.000000
Tex-Coords: 0.260047 0.853330
WeightNum: 1 Index0 10 1.000000

Position: 2.688703 22.314831 2.789129
Normal: 0.685312 -0.025104 0.727817
Color: 1.000000 1.000000 1.000000 1.000000
Tex-Coords: 0.501979 0.685133
WeightNum: 1 Index0 10 1.000000

Position: 3.637059 23.069073 2.174759
Normal: 0.763277 -0.389634 0.515357
Color: 1.000000 1.000000 1.000000 1.000000
Tex-Coords: 0.456013 0.630410
WeightNum: 1 Index0 10 1.000000

Position: 4.623182 25.820465 0.610419
Normal: 0.991328 0.096766 0.088906
Color: 1.000000 1.000000 1.000000 1.000000
Tex-Coords: 0.343903 0.464686
WeightNum: 1 Index0 10 1.000000

Position: 2.051155 18.110493 2.328612
Normal: 0.460905 -0.136220 0.876932
Color: 1.000000 1.000000 1.000000 1.000000
Tex-Coords: 0.458925 0.909627
WeightNum: 2 Index0 10 1.000000 Index1 14 0.000000

Position: 2.077815 22.883396 -2.382877
Normal: 0.441307 -0.084458 -0.893373
Color: 1.000000 1.000000 1.000000 1.000000
Tex-Coords: 0.026932 0.629622
WeightNum: 1 Index0 10 1.000000

Position: 3.116565 16.457731 0.620147
Normal: 0.992238 -0.117374 -0.041077
Color: 1.000000 1.000000 1.000000 1.000000
Tex-Coords: 0.264807 0.966811
